delta,theta,lowAlpha,highAlpha,lowBeta,highBeta,lowGamma,highGamma,classification,Theta_LowAlpha_Ratio,Theta_HighAlpha_Ratio,Delta_Theta_Ratio,Total_Alpha,Total_Beta,Total_Gamma,High_Low_Alpha_Diff,High_Low_Beta_Diff,High_Low_Gamma_Diff
2840183,1505707,595549,287525,595549,72929,42048,1229322,0,2.53,5.24,1.89,883074,668478,1271370,-308024,-522620,1187274
1557637,744913,446360,205873,446360,84725,203440,75659,1,1.67,3.62,2.09,652233,531085,279099,-240487,-361635,-127781
2268619,615005,406158,350970,406158,73134,37244,21248,0,1.51,1.75,3.69,757128,479292,58492,-55188,-333024,-15996
1395241,439589,350979,498144,350979,87286,252049,225581,1,1.25,0.88,3.17,849123,438265,477630,147165,-263693,-26468
365461,528908,337003,131282,337003,171089,59665,95852,0,1.57,4.03,0.69,468285,508092,155517,-205721,-165914,36187
1578391,649304,331752,56388,331752,148326,22330,713753,0,1.96,11.51,2.43,388140,480078,736083,-275364,-183426,691423
1024383,547552,328477,224237,328477,40908,81424,1164045,0,1.67,2.44,1.87,552714,369385,1245469,-104240,-287569,1082621
2307340,740151,327869,138950,327869,227286,9628,1589194,0,2.26,5.33,3.12,466819,555155,1598822,-188919,-100583,1579566
3304602,1086481,325327,42409,325327,56469,3665,835521,1,3.34,25.62,3.04,367736,381796,839186,-282918,-268858,831856
1766851,664043,309289,116945,309289,64221,15349,1312861,0,2.15,5.68,2.66,426234,373510,1328210,-192344,-245068,1297512
859080,187162,285416,23489,285416,42186,46900,43993,1,0.66,7.97,4.59,308905,327602,90893,-261927,-243230,-2907
1215194,315369,269135,43678,269135,35896,5914,4234,0,1.17,7.22,3.85,312813,305031,10148,-225457,-233239,-1680
956793,1119489,268968,130708,268968,194283,118049,27672,0,4.16,8.56,0.85,399676,463251,145721,-138260,-74685,-90377
1738683,636362,262996,112406,262996,78746,58899,14307,0,2.42,5.66,2.73,375402,341742,73206,-150590,-184250,-44592
1076059,642013,252823,55279,252823,187344,5149,1682845,1,2.54,11.61,1.68,308102,440167,1687994,-197544,-65479,1677696
1185371,694069,249812,86158,249812,138125,34993,1711359,0,2.78,8.06,1.71,335970,387937,1746352,-163654,-111687,1676366
585995,296789,242296,42600,242296,24083,29020,361726,0,1.22,6.97,1.97,284896,266379,390746,-199696,-218213,332706
1145684,329030,242253,45065,242253,37890,15787,415700,0,1.36,7.30,3.48,287318,280143,431487,-197188,-204363,399913
554562,212670,240487,23513,240487,17756,2370,452888,0,0.88,9.04,2.61,264000,258243,455258,-216974,-222731,450518
1322333,358915,233173,21429,233173,153419,11782,1211015,0,1.54,16.75,3.68,254602,386592,1222797,-211744,-79754,1199233
210140,500092,231676,59191,231676,37696,15220,8107,0,2.16,8.45,0.42,290867,269372,23327,-172485,-193980,-7113
1306268,976647,230616,102057,230616,35923,29737,383515,0,4.23,9.57,1.34,332673,266539,413252,-128559,-194693,353778
622370,369801,228207,66963,228207,50110,4333,863783,0,1.62,5.52,1.68,295170,278317,868116,-161244,-178097,859450
994026,259512,218161,9068,218161,44257,3327,573625,0,1.19,28.62,3.83,227229,262418,576952,-209093,-173904,570298
920580,733111,216937,155284,216937,32009,5404,1645342,0,3.38,4.72,1.26,372221,248946,1650746,-61653,-184928,1639938
2172820,961759,213376,112883,213376,45182,13060,15434,0,4.51,8.52,2.26,326259,258558,28494,-100493,-168194,2374
1315039,191297,210866,48546,210866,23564,13309,4688,0,0.91,3.94,6.87,259412,234430,17997,-162320,-187302,-8621
2046054,726784,209489,111565,209489,89969,22396,985103,0,3.47,6.51,2.82,321054,299458,1007499,-97924,-119520,962707
926415,548506,208977,124616,208977,37606,25187,42327,0,2.62,4.40,1.69,333593,246583,67514,-84361,-171371,17140
13326,60363,208869,14546,208869,16271,12913,141409,1,0.29,4.15,0.22,223415,225140,154322,-194323,-192598,128496
409934,93414,206280,2430,206280,39532,1608,655280,0,0.45,38.44,4.39,208710,245812,656888,-203850,-166748,653672
847238,811703,202520,157189,202520,152425,84843,79760,1,4.01,5.16,1.04,359709,354945,164603,-45331,-50095,-5083
1119934,368359,195537,79660,195537,65912,33894,14388,0,1.88,4.62,3.04,275197,261449,48282,-115877,-129625,-19506
1983400,197578,194232,23495,194232,78649,33141,29782,0,1.02,8.41,10.04,217727,272881,62923,-170737,-115583,-3359
1205472,189586,192934,158436,192934,78388,16372,33937,0,0.98,1.20,6.36,351370,271322,50309,-34498,-114546,17565
1352830,933371,189409,64181,189409,76010,54149,24471,0,4.93,14.54,1.45,253590,265419,78620,-125228,-113399,-29678
791192,268530,187175,113101,187175,59800,72301,16969,0,1.43,2.37,2.95,300276,246975,89270,-74074,-127375,-55332
576599,804791,186648,58477,186648,186157,5407,1310764,0,4.31,13.76,0.72,245125,372805,1316171,-128171,-491,1305357
961466,267890,177378,13627,177378,215064,5724,977150,0,1.51,19.66,3.59,191005,392442,982874,-163751,37686,971426
1095349,1125513,174545,360186,174545,113773,3035,2081697,1,6.45,3.12,0.97,534731,288318,2084732,185641,-60772,2078662
1828490,454637,172631,62014,172631,61950,15437,10301,0,2.63,7.33,4.02,234645,234581,25738,-110617,-110681,-5136
223878,451223,171924,10971,171924,62858,2950,741093,0,2.62,41.13,0.50,182895,234782,744043,-160953,-109066,738143
333651,73653,171349,17440,171349,26392,50931,15317,0,0.43,4.22,4.53,188789,197741,66248,-153909,-144957,-35614
1152436,244448,171325,15298,171325,22893,16644,12496,0,1.43,15.98,4.71,186623,194218,29140,-156027,-148432,-4148
1524583,951512,169784,108539,169784,127953,14378,2047562,1,5.60,8.77,1.60,278323,297737,2061940,-61245,-41831,2033184
2061768,499075,30517,85338,168883,37156,12818,1346566,0,16.35,5.85,4.13,115855,206039,1359384,54821,-131727,1333748
129168,254688,167622,16665,167622,75054,3078,694044,0,1.52,15.28,0.51,184287,242676,697122,-150957,-92568,690966
668109,95052,166427,44530,166427,21955,27788,13303,0,0.57,2.13,7.03,210957,188382,41091,-121897,-144472,-14485
1737533,129039,180662,337650,165695,443589,289281,157177,0,0.71,0.38,13.47,518312,609284,446458,156988,277894,-132104
7412,27424,160846,7202,160846,16314,6006,37425,1,0.17,3.81,0.27,168048,177160,43431,-153644,-144532,31419
78298,69779,160486,4767,160486,13818,3885,15325,1,0.43,14.64,1.12,165253,174304,19210,-155719,-146668,11440
986238,209480,160459,33571,160459,14056,2600,533270,1,1.31,6.24,4.71,194030,174515,535870,-126888,-146403,530670
750426,336120,156892,236793,156892,27773,53988,53045,0,2.14,1.42,2.23,393685,184665,107033,79901,-129119,-943
2251281,393513,154654,197152,154654,162837,27223,20296,0,2.54,2.00,5.72,351806,317491,47519,42498,8183,-6927
1768826,499496,154434,197533,154434,46010,104215,501819,1,3.23,2.53,3.54,351967,200444,606034,43099,-108424,397604
1603807,223790,152086,64045,152086,55006,18043,15411,0,1.47,3.49,7.17,216131,207092,33454,-88041,-97080,-2632
275922,114879,151882,21450,151882,4867,4810,1981,1,0.76,5.36,2.40,173332,156749,6791,-130432,-147015,-2829
2071448,272324,151650,23774,151650,24852,15912,670782,0,1.80,11.45,7.61,175424,176502,686694,-127876,-126798,654870
1065554,858932,194671,260673,148858,198280,60555,2210047,0,4.41,3.30,1.24,455344,347138,2270602,66002,49422,2149492
919099,216492,148475,125142,148475,23000,16651,7412,0,1.46,1.73,4.25,273617,171475,24063,-23333,-125475,-9239
2331434,150508,142405,170045,142405,7869,10336,432848,0,1.06,0.89,15.49,312450,150274,443184,27640,-134536,422512
8328,30995,142030,41790,142030,46633,15301,66571,1,0.22,0.74,0.27,183820,188663,81872,-100240,-95397,51270
1298855,318175,141832,44657,141832,18173,13549,12424,1,2.24,7.12,4.08,186489,160005,25973,-97175,-123659,-1125
32542,39705,141587,5301,141587,25715,4937,137261,1,0.28,7.49,0.82,146888,167302,142198,-136286,-115872,132324
2405087,1056811,140922,110437,140922,349258,240393,90775,1,7.50,9.57,2.28,251359,490180,331168,-30485,208336,-149618
265585,341698,140136,99424,140136,28791,13630,540545,0,2.44,3.44,0.78,239560,168927,554175,-40712,-111345,526915
1513644,886606,138907,24998,138907,63216,19938,1339327,0,6.38,35.47,1.71,163905,202123,1359265,-113909,-75691,1319389
1721768,149647,138081,80655,138081,6993,3201,1418,1,1.08,1.86,11.51,218736,145074,4619,-57426,-131088,-1783
2051784,695351,137463,129175,137463,74673,114704,961435,0,5.06,5.38,2.95,266638,212136,1076139,-8288,-62790,846731
2597084,477665,239825,109140,137260,73771,64440,676390,0,1.99,4.38,5.44,348965,211031,740830,-130685,-63489,611950
1437116,285327,137086,80711,137086,39947,14339,565473,1,2.08,3.54,5.04,217797,177033,579812,-56375,-97139,551134
1199453,1983393,136950,310101,136950,50626,8216,759924,0,14.48,6.40,0.60,447051,187576,768140,173151,-86324,751708
22861,31291,135942,21484,135942,10647,1174,75858,1,0.23,1.46,0.73,157426,146589,77032,-114458,-125295,74684
32854,5844,135382,16369,135382,10857,5877,146056,1,0.04,0.36,5.62,151751,146239,151933,-119013,-124525,140179
821877,106463,135247,44636,135247,75113,38020,18899,0,0.79,2.39,7.72,179883,210360,56919,-90611,-60134,-19121
479599,115645,134798,73078,134798,29927,14735,7526,0,0.86,1.58,4.15,207876,164725,22261,-61720,-104871,-7209
498710,209962,134153,32913,134153,14981,7542,5560,0,1.57,6.38,2.38,167066,149134,13102,-101240,-119172,-1982
6710,23332,134114,6437,134114,34261,13563,24258,1,0.17,3.62,0.29,140551,168375,37821,-127677,-99853,10695
1961549,957322,132740,109910,132740,91024,23202,28460,0,7.21,8.71,2.05,242650,223764,51662,-22830,-41716,5258
1052062,198694,131589,78220,131589,39082,19731,91765,0,1.51,2.54,5.29,209809,170671,111496,-53369,-92507,72034
6301,12498,129891,27114,129891,25018,4733,173611,1,0.10,0.46,0.50,157005,154909,178344,-102777,-104873,168878
1443645,468046,388857,181766,129828,55328,37701,448062,0,1.20,2.57,3.08,570623,185156,485763,-207091,-74500,410361
1870023,272635,129355,289128,129355,83089,17473,50153,0,2.11,0.94,6.86,418483,212444,67626,159773,-46266,32680
984051,443763,128600,18106,128600,20235,3069,875768,1,3.45,24.51,2.22,146706,148835,878837,-110494,-108365,872699
2760250,747408,269233,146651,128144,66064,14418,764372,0,2.78,5.10,3.69,415884,194208,778790,-122582,-62080,749954
996110,146825,128074,122737,128074,41854,48426,92319,0,1.15,1.20,6.78,250811,169928,140745,-5337,-86220,43893
1216024,86481,127570,133031,127570,15916,18857,996583,0,0.68,0.65,14.06,260601,143486,1015440,5461,-111654,977726
762501,352856,127373,73367,127373,25790,16002,673406,1,2.77,4.81,2.16,200740,153163,689408,-54006,-101583,657404
14431,86116,126783,1791,126783,10044,5782,40920,1,0.68,48.08,0.17,128574,136827,46702,-124992,-116739,35138
530343,525625,126777,12764,126777,148083,5681,859989,0,4.15,41.18,1.01,139541,274860,865670,-114013,21306,854308
2338780,242711,126160,164181,126160,44040,33944,18789,0,1.92,1.48,9.64,290341,170200,52733,38021,-82120,-15155
160666,274594,126113,44181,126113,14084,14406,8707,1,2.18,6.22,0.59,170294,140197,23113,-81932,-112029,-5699
740473,265769,125354,36158,125354,12172,22752,880546,1,2.12,7.35,2.79,161512,137526,903298,-89196,-113182,857794
1708501,107221,125052,128520,125052,11176,1981,1185,0,0.86,0.83,15.93,253572,136228,3166,3468,-113876,-796
1758783,246617,124790,68141,124790,17259,28468,511096,1,1.98,3.62,7.13,192931,142049,539564,-56649,-107531,482628
1423102,384358,124757,275239,124757,80869,45765,179951,0,3.08,1.40,3.70,399996,205626,225716,150482,-43888,134186
1243904,714345,124262,29976,124262,35984,7402,4437,0,5.75,23.83,1.74,154238,160246,11839,-94286,-88278,-2965
1964616,715179,33317,305228,124055,60902,100411,489637,0,21.47,2.34,2.75,338545,184957,590048,271911,-63153,389226
1849828,745244,123824,74628,123824,128758,71733,10747,0,6.02,9.99,2.48,198452,252582,82480,-49196,4934,-60986
2288457,87867,123456,115142,123456,36017,16794,400152,0,0.71,0.76,26.04,238598,159473,416946,-8314,-87439,383358
181104,28587,123334,4339,123334,14503,1223,38781,1,0.23,6.59,6.34,127673,137837,40004,-118995,-108831,37558
3502876,764040,122900,105099,122900,67227,9507,503198,0,6.22,7.27,4.58,227999,190127,512705,-17801,-55673,493691
1041974,298492,122698,33322,122698,23175,9103,12921,0,2.43,8.96,3.49,156020,145873,22024,-89376,-99523,3818
1989968,575031,122280,141617,122280,33109,22850,16327,0,4.70,4.06,3.46,263897,155389,39177,19337,-89171,-6523
2367279,1081985,341241,161824,121445,75179,65706,541060,0,3.17,6.69,2.19,503065,196624,606766,-179417,-46266,475354
2041411,411535,121404,27667,121404,201679,23087,38280,0,3.39,14.87,4.96,149071,323083,61367,-93737,80275,15193
769945,618155,121039,26795,121039,91823,3444,817061,1,5.11,23.07,1.25,147834,212862,820505,-94244,-29216,813617
651300,452014,119405,56721,119405,27910,25939,560618,1,3.79,7.97,1.44,176126,147315,586557,-62684,-91495,534679
221344,231983,118531,128974,118531,10984,8986,2765,0,1.96,1.80,0.95,247505,129515,11751,10443,-107547,-6221
1595899,133789,118344,90714,118344,32688,11623,14700,0,1.13,1.47,11.93,209058,151032,26323,-27630,-85656,3077
815449,479026,53939,46904,117993,132079,137226,60783,0,8.88,10.21,1.70,100843,250072,198009,-7035,14086,-76443
1083975,195585,116747,64470,116747,53847,4772,762514,0,1.68,3.03,5.54,181217,170594,767286,-52277,-62900,757742
408190,372240,116464,52988,116464,133073,1136,667714,0,3.20,7.02,1.10,169452,249537,668850,-63476,16609,666578
1321478,653193,115444,66285,115444,20900,13780,656805,1,5.66,9.85,2.02,181729,136344,670585,-49159,-94544,643025
933360,221509,114432,12664,114432,40018,7136,442270,0,1.94,17.49,4.21,127096,154450,449406,-101768,-74414,435134
12973,20178,113512,6702,113512,7966,1465,63564,1,0.18,3.01,0.64,120214,121478,65029,-106810,-105546,62099
2921,18842,113158,26030,113158,25326,4963,195310,1,0.17,0.72,0.16,139188,138484,200273,-87128,-87832,190347
103514,91263,112282,14524,112282,6902,5241,35757,1,0.81,6.28,1.13,126806,119184,40998,-97758,-105380,30516
1680426,101773,111877,13190,111877,19226,17861,12266,0,0.91,7.72,16.51,125067,131103,30127,-98687,-92651,-5595
2002,24290,111404,5358,111404,9019,5871,150222,1,0.22,4.53,0.08,116762,120423,156093,-106046,-102385,144351
936249,896833,111193,85281,111193,125857,11104,1337741,0,8.07,10.52,1.04,196474,237050,1348845,-25912,14664,1326637
1048913,280665,111087,127225,111087,26884,4678,975395,0,2.53,2.21,3.74,238312,137971,980073,16138,-84203,970717
1909449,441714,110327,24080,111050,55970,32500,206756,0,4.00,18.34,4.32,134407,167020,239256,-86247,-55080,174256
16409,15220,109403,15848,109403,20525,9095,25835,1,0.14,0.96,1.08,125251,129928,34930,-93555,-88878,16740
824081,207495,108779,63792,108779,19323,8559,445335,0,1.91,3.25,3.97,172571,128102,453894,-44987,-89456,436776
1071418,146272,108238,46092,108238,13254,5314,5938,0,1.35,3.17,7.32,154330,121492,11252,-62146,-94984,624
667165,110819,107297,12927,107297,20164,27851,169093,0,1.03,8.57,6.02,120224,127461,196944,-94370,-87133,141242
2236994,250322,107248,56607,107248,6845,5970,919934,1,2.33,4.42,8.94,163855,114093,925904,-50641,-100403,913964
954368,507569,106712,84958,106712,23141,19737,718782,1,4.76,5.97,1.88,191670,129853,738519,-21754,-83571,699045
1611696,420198,106489,48409,106489,27298,11759,516347,0,3.95,8.68,3.84,154898,133787,528106,-58080,-79191,504588
1323129,398773,105901,163585,105901,116373,42045,982620,0,3.77,2.44,3.32,269486,222274,1024665,57684,10472,940575
499410,126560,105884,63191,105884,56864,12582,24106,0,1.20,2.00,3.95,169075,162748,36688,-42693,-49020,11524
393212,13359,104667,39159,104667,39303,15006,108945,0,0.13,0.34,29.43,143826,143970,123951,-65508,-65364,93939
1253133,372495,104541,61808,104541,26282,9005,675767,1,3.56,6.03,3.36,166349,130823,684772,-42733,-78259,666762
707371,1155455,388671,36863,104505,123930,14725,1574693,0,2.97,31.34,0.61,425534,228435,1589418,-351808,19425,1559968
1571447,171980,111347,82547,103968,173988,30447,598935,0,1.54,2.08,9.14,193894,277956,629382,-28800,70020,568488
397065,143990,103902,24475,103902,11515,7404,641561,1,1.39,5.88,2.76,128377,115417,648965,-79427,-92387,634157
2887905,344592,103836,41647,103836,27353,12895,854188,1,3.32,8.27,8.38,145483,131189,867083,-62189,-76483,841293
1283545,96224,103740,67332,103740,30810,24477,6897,0,0.93,1.43,13.34,171072,134550,31374,-36408,-72930,-17580
838928,1311670,332196,112953,103637,174873,14330,1767712,0,3.95,11.61,0.64,445149,278510,1782042,-219243,71236,1753382
1284282,479887,345670,143977,103598,88202,8443,1935314,0,1.39,3.33,2.68,489647,191800,1943757,-201693,-15396,1926871
12286,25509,103385,17876,103385,12420,5252,43228,1,0.25,1.43,0.48,121261,115805,48480,-85509,-90965,37976
669946,391933,103174,88615,103174,23180,11848,85310,0,3.80,4.42,1.71,191789,126354,97158,-14559,-79994,73462
751391,172004,103097,28158,103097,51484,8208,573044,0,1.67,6.11,4.37,131255,154581,581252,-74939,-51613,564836
328516,79577,102635,6068,102635,25664,3367,505522,1,0.78,13.11,4.13,108703,128299,508889,-96567,-76971,502155
920288,180121,102581,30798,102581,23018,3728,327127,0,1.76,5.85,5.11,133379,125599,330855,-71783,-79563,323399
2479402,500670,102557,79669,102557,20788,25166,393103,0,4.88,6.28,4.95,182226,123345,418269,-22888,-81769,367937
2301472,125126,100815,11933,100815,48904,6280,2482,0,1.24,10.49,18.39,112748,149719,8762,-88882,-51911,-3798
316934,259499,100330,38294,100330,37198,11181,687357,1,2.59,6.78,1.22,138624,137528,698538,-62036,-63132,676176
2076471,171227,99871,18775,99871,42666,63893,33433,1,1.71,9.12,12.13,118646,142537,97326,-81096,-57205,-30460
1961799,61443,99744,73299,99744,15860,12593,278624,0,0.62,0.84,31.93,173043,115604,291217,-26445,-83884,266031
2362499,1080437,352487,98589,99271,54869,19380,1185459,0,3.07,10.96,2.19,451076,154140,1204839,-253898,-44402,1166079
619012,158733,98082,22005,98082,40895,3115,328605,0,1.62,7.21,3.90,120087,138977,331720,-76077,-57187,325490
451015,356053,97907,41782,97907,13234,3371,981174,1,3.64,8.52,1.27,139689,111141,984545,-56125,-84673,977803
2033110,662165,97524,89154,97524,20183,9764,923069,1,6.79,7.43,3.07,186678,117707,932833,-8370,-77341,913305
11442,24483,97210,7323,97210,26085,10108,47152,1,0.25,3.34,0.47,104533,123295,57260,-89887,-71125,37044
3028326,45242,97186,56210,97186,11823,27648,3624,0,0.47,0.80,66.94,153396,109009,31272,-40976,-85363,-24024
196532,256916,97112,73513,97112,11527,20641,9932,0,2.65,3.49,0.76,170625,108639,30573,-23599,-85585,-10709
1491402,144707,96744,33613,96744,22546,25604,7387,0,1.50,4.31,10.31,130357,119290,32991,-63131,-74198,-18217
2295598,626364,96434,71401,96434,75074,18622,10334,0,6.50,8.77,3.66,167835,171508,28956,-25033,-21360,-8288
2978526,139895,94901,25233,94901,18902,26615,9356,0,1.47,5.54,21.29,120134,113803,35971,-69668,-75999,-17259
869152,86116,94846,73098,94846,27251,12386,6327,0,0.91,1.18,10.09,167944,122097,18713,-21748,-67595,-6059
2148273,274180,94528,138810,94528,56272,61492,11349,0,2.90,1.98,7.84,233338,150800,72841,44282,-38256,-50143
718591,83162,94400,29281,94400,6835,3947,2626,0,0.88,2.84,8.64,123681,101235,6573,-65119,-87565,-1321
484902,152285,94166,134012,94166,4653,8942,712,1,1.62,1.14,3.18,228178,98819,9654,39846,-89513,-8230
567575,865084,93096,103853,93096,34971,4744,4253,0,9.29,8.33,0.66,196949,128067,8997,10757,-58125,-491
1444638,278661,92938,44124,92938,8356,5753,3931,1,3.00,6.32,5.18,137062,101294,9684,-48814,-84582,-1822
1974838,159045,92307,42044,92307,44399,10654,13726,0,1.72,3.78,12.42,134351,136706,24380,-50263,-47908,3072
24296,34489,92149,18392,92149,21376,2911,2122,0,0.37,1.88,0.70,110541,113525,5033,-73757,-70773,-789
6395,35030,91786,9202,91786,15419,11645,139276,1,0.38,3.81,0.18,100988,107205,150921,-82584,-76367,127631
1604775,111092,109185,47053,91514,10066,11889,853886,0,1.02,2.36,14.45,156238,101580,865775,-62132,-81448,841997
778481,453106,91488,36129,91488,111586,258111,99131,0,4.95,12.54,1.72,127617,203074,357242,-55359,20098,-158980
636502,266539,91408,51616,91408,25487,9591,4552,0,2.92,5.16,2.39,143024,116895,14143,-39792,-65921,-5039
3646,19105,91338,12240,91338,18032,19976,175843,1,0.21,1.56,0.19,103578,109370,195819,-79098,-73306,155867
512227,235252,91068,18598,91068,14082,11103,22520,1,2.58,12.65,2.18,109666,105150,33623,-72470,-76986,11417
583869,221965,91009,90069,91009,36063,9974,637976,0,2.44,2.46,2.63,181078,127072,647950,-940,-54946,628002
558773,75954,91004,14652,91004,6942,3086,1613,1,0.83,5.18,7.36,105656,97946,4699,-76352,-84062,-1473
349644,53175,90936,26857,90936,40952,19788,7644,0,0.58,1.98,6.58,117793,131888,27432,-64079,-49984,-12144
1434512,540712,90623,37265,90623,30225,21847,46257,1,5.97,14.51,2.65,127888,120848,68104,-53358,-60398,24410
1026186,252521,90576,55547,90576,52415,6301,9569,1,2.79,4.55,4.06,146123,142991,15870,-35029,-38161,3268
1912354,29356,90414,56116,90414,14968,5035,350922,0,0.32,0.52,65.14,146530,105382,355957,-34298,-75446,345887
1353248,48358,90365,13777,90365,10471,9260,2519,0,0.54,3.51,27.98,104142,100836,11779,-76588,-79894,-6741
322747,43254,89438,23927,89438,8560,2540,4806,0,0.48,1.81,7.46,113365,97998,7346,-65511,-80878,2266
2969039,195190,89373,96311,89373,67958,44761,1042064,0,2.18,2.03,15.21,185684,157331,1086825,6938,-21415,997303
2006742,1737580,89176,154496,89176,94983,41174,390591,1,19.48,11.25,1.15,243672,184159,431765,65320,5807,349417
7156,10490,88666,19040,88666,21091,5732,178938,1,0.12,0.55,0.68,107706,109757,184670,-69626,-67575,173206
523331,207177,88614,15171,88614,17281,13209,12054,0,2.34,13.66,2.53,103785,105895,25263,-73443,-71333,-1155
725523,484140,82479,25894,87883,129722,17689,1704972,0,5.87,18.70,1.50,108373,217605,1722661,-56585,41839,1687283
1704935,179195,87642,27846,87642,19613,5428,816838,1,2.04,6.44,9.51,115488,107255,822266,-59796,-68029,811410
909268,303228,87315,72244,87315,107368,29878,16771,1,3.47,4.20,3.00,159559,194683,46649,-15071,20053,-13107
1084121,1228009,6151,216209,87192,58198,33637,307302,0,199.64,5.68,0.88,222360,145390,340939,210058,-28994,273665
2325438,535099,87179,180545,87179,106964,12012,1262482,0,6.14,2.96,4.35,267724,194143,1274494,93366,19785,1250470
843755,193461,86711,62864,86711,21132,16138,557135,1,2.23,3.08,4.36,149575,107843,573273,-23847,-65579,540997
509885,210053,86524,53644,86524,11213,2541,697975,1,2.43,3.92,2.43,140168,97737,700516,-32880,-75311,695434
1734126,624883,86403,29780,86403,14859,8577,11765,0,7.23,20.98,2.78,116183,101262,20342,-56623,-71544,3188
1857714,1146162,86301,31957,86301,61881,15147,7454,1,13.28,35.87,1.62,118258,148182,22601,-54344,-24420,-7693
2178526,300329,11573,22731,85842,20602,16198,152401,0,25.95,13.21,7.25,34304,106444,168599,11158,-65240,136203
1649346,556512,85774,30254,85774,61578,52643,26335,1,6.49,18.39,2.96,116028,147352,78978,-55520,-24196,-26308
1562258,183508,85621,82011,85621,73323,9396,12154,0,2.14,2.24,8.51,167632,158944,21550,-3610,-12298,2758
3403612,66326,85615,45723,85615,48345,7242,570057,0,0.77,1.45,51.32,131338,133960,577299,-39892,-37270,562815
334943,187565,85473,23265,85473,15023,4417,686402,1,2.19,8.06,1.79,108738,100496,690819,-62208,-70450,681985
1022048,1518951,85213,229797,85213,354398,222069,276043,0,17.83,6.61,0.67,315010,439611,498112,144584,269185,53974
463898,739798,84744,3523,84744,15596,23034,9660,1,8.73,209.99,0.63,88267,100340,32694,-81221,-69148,-13374
1397111,688114,84727,14390,84727,10984,9079,773928,1,8.12,47.82,2.03,99117,95711,783007,-70337,-73743,764849
177057,303772,84637,64227,84637,32533,16602,4713,0,3.59,4.73,0.58,148864,117170,21315,-20410,-52104,-11889
1353747,168588,84472,63189,84472,36481,15954,32726,0,2.00,2.67,8.03,147661,120953,48680,-21283,-47991,16772
750831,144700,84107,35743,84107,9179,10794,628047,1,1.72,4.05,5.19,119850,93286,638841,-48364,-74928,617253
1909707,275788,43173,87812,84064,115171,4117,1888468,0,6.39,3.14,6.92,130985,199235,1892585,44639,31107,1884351
1201459,134329,83912,43824,83912,11863,6047,19968,0,1.60,3.07,8.94,127736,95775,26015,-40088,-72049,13921
698800,284976,83180,41118,83180,7624,10001,6060,0,3.43,6.93,2.45,124298,90804,16061,-42062,-75556,-3941
182518,119282,83096,27916,83096,19292,22190,10677,1,1.44,4.27,1.53,111012,102388,32867,-55180,-63804,-11513
1260626,195404,82943,56665,82943,53438,23542,541496,1,2.36,3.45,6.45,139608,136381,565038,-26278,-29505,517954
884325,54072,82574,24255,82574,21887,4444,201437,0,0.65,2.23,16.35,106829,104461,205881,-58319,-60687,196993
1002342,484190,82537,28171,82537,21281,31553,670118,1,5.87,17.19,2.07,110708,103818,701671,-54366,-61256,638565
934036,371829,82345,9110,82345,39376,17776,149321,0,4.52,40.82,2.51,91455,121721,167097,-73235,-42969,131545
190044,143273,82292,67004,82292,42623,7978,474482,0,1.74,2.14,1.33,149296,124915,482460,-15288,-39669,466504
8604,23130,82178,5218,82178,14402,16164,21610,1,0.28,4.43,0.37,87396,96580,37774,-76960,-67776,5446
7260,12507,81667,6533,81667,14991,5546,45844,1,0.15,1.91,0.58,88200,96658,51390,-75134,-66676,40298
1420,21281,80315,13508,80315,15908,3496,49862,1,0.26,1.58,0.07,93823,96223,53358,-66807,-64407,46366
610642,224467,80249,19212,80249,10371,10249,599877,1,2.80,11.68,2.72,99461,90620,610126,-61037,-69878,589628
707021,140776,80111,35539,80111,44120,27541,20064,0,1.76,3.96,5.02,115650,124231,47605,-44572,-35991,-7477
3802,32295,79728,13955,79728,10578,4934,103362,1,0.41,2.31,0.12,93683,90306,108296,-65773,-69150,98428
1677515,151939,79580,74555,79580,17745,2459,290887,0,1.91,2.04,11.04,154135,97325,293346,-5025,-61835,288428
801213,188922,79309,39947,79309,11149,6630,815955,1,2.38,4.73,4.24,119256,90458,822585,-39362,-68160,809325
5581,21107,79010,10135,79010,9745,9185,40051,1,0.27,2.08,0.26,89145,88755,49236,-68875,-69265,30866
889554,317826,37759,90469,78901,52625,7379,641444,0,8.42,3.51,2.80,128228,131526,648823,52710,-26276,634065
807006,103562,78782,17763,78782,77790,2409,880704,0,1.31,5.83,7.79,96545,156572,883113,-61019,-992,878295
1168691,136369,78635,9905,78635,45621,14459,19294,1,1.73,13.77,8.57,88540,124256,33753,-68730,-33014,4835
768772,112540,78425,22467,78425,34164,2679,511337,0,1.44,5.01,6.83,100892,112589,514016,-55958,-44261,508658
566067,192405,78326,23266,78326,36228,6868,48596,0,2.46,8.27,2.94,101592,114554,55464,-55060,-42098,41728
7558,65821,78284,9542,78284,30525,3406,46111,1,0.84,6.90,0.11,87826,108809,49517,-68742,-47759,42705
1058339,117892,78062,23730,78062,18370,9872,9777,0,1.51,4.97,8.98,101792,96432,19649,-54332,-59692,-95
3529,116866,77807,13801,77807,24910,5225,21419,1,1.50,8.47,0.03,91608,102717,26644,-64006,-52897,16194
132911,141577,77585,9334,77585,12042,5502,6489,0,1.82,15.17,0.94,86919,89627,11991,-68251,-65543,987
11922,8045,77417,5173,77417,6569,1726,68794,1,0.10,1.56,1.48,82590,83986,70520,-72244,-70848,67068
4118,21392,77327,29213,77327,6688,2894,56992,1,0.28,0.73,0.19,106540,84015,59886,-48114,-70639,54098
1036940,432208,77266,107887,77266,37600,13448,97132,0,5.59,4.01,2.40,185153,114866,110580,30621,-39666,83684
1559013,103626,157937,99359,77218,151176,263342,151788,0,0.66,1.04,15.04,257296,228394,415130,-58578,73958,-111554
189040,345560,77182,61226,77182,54046,1637,586609,1,4.48,5.64,0.55,138408,131228,588246,-15956,-23136,584972
1514065,1080900,77121,287498,77121,109756,40429,1050223,0,14.02,3.76,1.40,364619,186877,1090652,210377,32635,1009794
14941,14696,77020,36171,77020,12903,13815,42397,1,0.19,0.41,1.02,113191,89923,56212,-40849,-64117,28582
965573,384770,76898,48912,76898,21393,8395,8596,0,5.00,7.87,2.51,125810,98291,16991,-27986,-55505,201
1246220,184181,76747,35100,76747,6006,6365,481498,0,2.40,5.25,6.77,111847,82753,487863,-41647,-70741,475133
2521943,515418,32155,62480,76469,21549,15002,546856,0,16.03,8.25,4.89,94635,98018,561858,30325,-54920,531854
343048,259337,36246,77777,76358,54462,46414,267146,0,7.15,3.33,1.32,114023,130820,313560,41531,-21896,220732
321162,204412,76069,17956,76069,19378,17350,10531,0,2.69,11.38,1.57,94025,95447,27881,-58113,-56691,-6819
10031,103303,76020,9629,76020,8588,11840,31526,1,1.36,10.73,0.10,85649,84608,43366,-66391,-67432,19686
527215,113473,75898,91526,75898,28969,16122,73518,0,1.50,1.24,4.65,167424,104867,89640,15628,-46929,57396
899843,248147,75817,64355,75817,83884,49482,23674,1,3.27,3.86,3.63,140172,159701,73156,-11462,8067,-25808
222223,73224,75791,136502,75791,44288,9798,2981,0,0.97,0.54,3.03,212293,120079,12779,60711,-31503,-6817
1208559,85136,75144,26340,75144,39489,69927,586636,1,1.13,3.23,14.20,101484,114633,656563,-48804,-35655,516709
1998893,101915,75097,55911,75097,34633,9167,406306,0,1.36,1.82,19.61,131008,109730,415473,-19186,-40464,397139
13870,39009,75029,11552,75029,14329,4930,163096,1,0.52,3.38,0.36,86581,89358,168026,-63477,-60700,158166
1012488,257538,35364,28211,74894,41128,12076,373977,0,7.28,9.13,3.93,63575,116022,386053,-7153,-33766,361901
9771,20338,74558,23928,74558,29817,3923,36254,1,0.27,0.85,0.48,98486,104375,40177,-50630,-44741,32331
2005792,27562,74515,68756,74515,9471,14899,6745,0,0.37,0.40,72.77,143271,83986,21644,-5759,-65044,-8154
1155427,168069,74410,68123,74410,23422,2790,557392,1,2.26,2.47,6.87,142533,97832,560182,-6287,-50988,554602
850703,111511,74344,36671,74344,7043,5642,7773,0,1.50,3.04,7.63,111015,81387,13415,-37673,-67301,2131
921630,83978,74218,27329,74218,9187,2068,3590,0,1.13,3.07,10.97,101547,83405,5658,-46889,-65031,1522
772698,45786,74190,130231,74190,32219,8069,626706,0,0.62,0.35,16.88,204421,106409,634775,56041,-41971,618637
1370049,351330,73851,28456,73851,14462,14107,128532,0,4.76,12.35,3.90,102307,88313,142639,-45395,-59389,114425
856745,102618,73511,89270,73511,29820,4192,457381,0,1.40,1.15,8.35,162781,103331,461573,15759,-43691,453189
419263,105921,73261,48138,73261,181737,85768,51489,0,1.45,2.20,3.96,121399,254998,137257,-25123,108476,-34279
1545641,161219,21817,38578,73199,7570,2904,289404,0,7.39,4.18,9.59,60395,80769,292308,16761,-65629,286500
609876,818047,73122,104131,73122,78100,35344,9053,0,11.19,7.86,0.75,177253,151222,44397,31009,4978,-26291
3302469,841382,72110,25301,72110,23963,13573,643910,1,11.67,33.25,3.93,97411,96073,657483,-46809,-48147,630337
248982,170995,72091,8590,72091,15888,2627,269303,0,2.37,19.91,1.46,80681,87979,271930,-63501,-56203,266676
1091751,121321,71975,16823,71975,14435,6799,647399,1,1.69,7.21,9.00,88798,86410,654198,-55152,-57540,640600
6415,70713,71973,6855,71973,13711,14892,21979,1,0.98,10.32,0.09,78828,85684,36871,-65118,-58262,7087
394673,1217387,94905,23862,71823,50388,47778,425325,0,12.83,51.02,0.32,118767,122211,473103,-71043,-21435,377547
1081205,162328,71800,116068,71800,77410,13836,470103,0,2.26,1.40,6.66,187868,149210,483939,44268,5610,456267
732942,266080,71674,16490,71674,9080,8223,602221,0,3.71,16.14,2.75,88164,80754,610444,-55184,-62594,593998
7627,24483,71541,18589,71541,6949,7223,146124,1,0.34,1.32,0.31,90130,78490,153347,-52952,-64592,138901
2054588,240086,71457,66085,71457,24981,35332,28672,0,3.36,3.63,8.56,137542,96438,64004,-5372,-46476,-6660
561489,107080,71250,14245,71250,17778,5953,557327,0,1.50,7.52,5.24,85495,89028,563280,-57005,-53472,551374
566348,134549,71178,23642,71178,14113,23916,124210,0,1.89,5.69,4.21,94820,85291,148126,-47536,-57065,100294
440506,98823,70906,74565,70906,68856,18672,14946,0,1.39,1.33,4.46,145471,139762,33618,3659,-2050,-3726
1783768,225404,70651,81078,70651,13544,24172,5822,0,3.19,2.78,7.91,151729,84195,29994,10427,-57107,-18350
135874,89967,70613,8927,70613,50187,3425,540680,1,1.27,10.08,1.51,79540,120800,544105,-61686,-20426,537255
1255429,27302,70441,18872,70441,11445,5049,638667,1,0.39,1.45,45.98,89313,81886,643716,-51569,-58996,633618
1612151,1788829,148743,154175,70041,98273,9355,1676943,0,12.03,11.60,0.90,302918,168314,1686298,5432,28232,1667588
1364915,145565,69996,91408,69996,54465,16639,521964,1,2.08,1.59,9.38,161404,124461,538603,21412,-15531,505325
2100629,279930,69984,88491,69984,42107,45718,10603,0,4.00,3.16,7.50,158475,112091,56321,18507,-27877,-35115
1949896,654161,69911,127208,69911,11815,5617,901338,1,9.36,5.14,2.98,197119,81726,906955,57297,-58096,895721
239964,177820,69656,3344,69656,28771,15888,766587,1,2.55,53.18,1.35,73000,98427,782475,-66312,-40885,750699
2196787,439476,119784,33794,69600,58569,8329,1777383,0,3.67,13.00,5.00,153578,128169,1785712,-85990,-11031,1769054
1193010,23962,69392,16648,69392,40083,23291,22866,1,0.35,1.44,49.79,86040,109475,46157,-52744,-29309,-425
40242,38834,69221,38614,69221,32335,21667,20143,1,0.56,1.01,1.04,107835,101556,41810,-30607,-36886,-1524
11625,46479,69067,9707,69067,10828,7204,88400,1,0.67,4.79,0.25,78774,79895,95604,-59360,-58239,81196
707996,92337,69038,38445,69038,26807,1616,542733,0,1.34,2.40,7.67,107483,95845,544349,-30593,-42231,541117
1604333,302066,69014,78997,69014,22840,8660,84359,1,4.38,3.82,5.31,148011,91854,93019,9983,-46174,75699
155250,44705,68930,18211,68930,6704,3538,3379,0,0.65,2.45,3.47,87141,75634,6917,-50719,-62226,-159
133395,40377,68837,4600,68837,14055,6792,6261,1,0.59,8.78,3.30,73437,82892,13053,-64237,-54782,-531
326021,647647,68501,28191,68501,19181,3287,523932,1,9.45,22.97,0.50,96692,87682,527219,-40310,-49320,520645
1914795,263539,68495,34160,68495,11588,6760,325769,0,3.85,7.71,7.27,102655,80083,332529,-34335,-56907,319009
8367,27887,68267,20074,68267,16398,22133,38031,1,0.41,1.39,0.30,88341,84665,60164,-48193,-51869,15898
1834108,70522,68217,54805,68217,15094,3280,480109,0,1.03,1.29,26.01,123022,83311,483389,-13412,-53123,476829
4632,18523,68207,12235,68207,18903,1431,41570,1,0.27,1.51,0.25,80442,87110,43001,-55972,-49304,40139
534312,78775,68120,15326,68120,7347,3183,1314,0,1.16,5.14,6.78,83446,75467,4497,-52794,-60773,-1869
5924,28115,68049,8315,68049,19180,11272,34838,1,0.41,3.38,0.21,76364,87229,46110,-59734,-48869,23566
3009653,138477,67970,20332,67970,12875,11245,14855,1,2.04,6.81,21.73,88302,80845,26100,-47638,-55095,3610
3381199,164229,67887,15846,67887,10001,5317,5686,1,2.42,10.36,20.59,83733,77888,11003,-52041,-57886,369
180640,65819,67859,47375,67859,15603,11448,57217,0,0.97,1.39,2.74,115234,83462,68665,-20484,-52256,45769
93370,112488,67593,30165,67593,17446,5733,582880,1,1.66,3.73,0.83,97758,85039,588613,-37428,-50147,577147
37028,142454,67498,19412,67498,17068,23198,8525,0,2.11,7.34,0.26,86910,84566,31723,-48086,-50430,-14673
503040,362740,67053,44160,67053,39414,18793,6512,0,5.41,8.21,1.39,111213,106467,25305,-22893,-27639,-12281
162310,116452,66796,30538,66796,24542,22730,16857,0,1.74,3.81,1.39,97334,91338,39587,-36258,-42254,-5873
23237,36306,66783,10767,66783,7619,3730,105265,0,0.54,3.37,0.64,77550,74402,108995,-56016,-59164,101535
2879860,78883,66472,49164,66472,19486,18325,525506,1,1.19,1.60,36.51,115636,85958,543831,-17308,-46986,507181
430991,144807,66387,9742,66387,13590,7906,560368,1,2.18,14.86,2.98,76129,79977,568274,-56645,-52797,552462
979507,98463,66383,32500,66383,10471,13934,30426,1,1.48,3.03,9.95,98883,76854,44360,-33883,-55912,16492
802022,300343,66198,109640,66198,23456,4493,10119,0,4.54,2.74,2.67,175838,89654,14612,43442,-42742,5626
539228,1067014,83601,30858,66191,54903,3238,1133197,0,12.76,34.58,0.51,114459,121094,1136435,-52743,-11288,1129959
2456375,191032,66140,24749,66140,25269,12163,21295,1,2.89,7.72,12.86,90889,91409,33458,-41391,-40871,9132
1450720,412931,32509,13422,65978,11326,8740,775783,0,12.70,30.77,3.51,45931,77304,784523,-19087,-54652,767043
1008708,44474,65958,50538,65958,11267,6555,353975,0,0.67,0.88,22.68,116496,77225,360530,-15420,-54691,347420
752406,106563,65493,26204,65493,33867,21861,99322,1,1.63,4.07,7.06,91697,99360,121183,-39289,-31626,77461
1011613,178813,44746,68506,65335,36103,23815,136854,0,4.00,2.61,5.66,113252,101438,160669,23760,-29232,113039
988941,226582,65274,19471,65274,40480,8883,491756,0,3.47,11.64,4.36,84745,105754,500639,-45803,-24794,482873
6573,13295,65143,25702,65143,26856,15702,20525,1,0.20,0.52,0.49,90845,91999,36227,-39441,-38287,4823
187389,123783,39838,32915,64486,6136,2426,379313,0,3.11,3.76,1.51,72753,70622,381739,-6923,-58350,376887
294064,67057,64454,28861,64454,23571,5449,13458,1,1.04,2.32,4.39,93315,88025,18907,-35593,-40883,8009
3258357,870979,64216,346275,64216,249351,68141,877848,0,13.56,2.52,3.74,410491,313567,945989,282059,185135,809707
89970,61856,64011,14066,64011,11634,4973,631428,1,0.97,4.40,1.45,78077,75645,636401,-49945,-52377,626455
606712,243805,63971,81950,63971,14467,12619,96579,0,3.81,2.98,2.49,145921,78438,109198,17979,-49504,83960
1800567,586107,113291,132738,63873,88377,6201,1985705,0,5.17,4.42,3.07,246029,152250,1991906,19447,24504,1979504
2263654,28756,63858,29319,63858,22082,3916,379292,0,0.45,0.98,78.72,93177,85940,383208,-34539,-41776,375376
185084,543444,63851,49294,63851,62367,38718,27812,0,8.51,11.02,0.34,113145,126218,66530,-14557,-1484,-10906
2091016,514152,156172,103592,63728,43341,12754,1031341,0,3.29,4.96,4.07,259764,107069,1044095,-52580,-20387,1018587
1175124,58878,63677,38922,63677,11030,4906,5278,0,0.92,1.51,19.96,102599,74707,10184,-24755,-52647,372
1715196,224422,63583,31827,63583,26046,20894,17342,0,3.53,7.05,7.64,95410,89629,38236,-31756,-37537,-3552
453877,334065,63468,30924,63468,34255,34070,26857,1,5.26,10.80,1.36,94392,97723,60927,-32544,-29213,-7213
349245,182460,37775,35580,63419,8776,3578,273975,0,4.83,5.13,1.91,73355,72195,277553,-2195,-54643,270397
837665,1002327,63266,82654,63266,114814,90937,76671,0,15.84,12.13,0.84,145920,178080,167608,19388,51548,-14266
67393,138749,63169,43224,63169,38780,7491,73058,0,2.20,3.21,0.49,106393,101949,80549,-19945,-24389,65567
445956,140370,62832,44638,62832,9260,10130,104204,0,2.23,3.14,3.18,107470,72092,114334,-18194,-53572,94074
1124565,395150,62796,125024,62796,62519,55252,270311,0,6.29,3.16,2.85,187820,125315,325563,62228,-277,215059
1990203,443253,99019,89772,62701,46549,5557,1662015,0,4.48,4.94,4.49,188791,109250,1667572,-9247,-16152,1656458
648352,68726,62579,37766,62579,9627,8944,642043,1,1.10,1.82,9.43,100345,72206,650987,-24813,-52952,633099
998238,679004,62504,92149,62504,54265,21966,417844,0,10.86,7.37,1.47,154653,116769,439810,29645,-8239,395878
427017,262229,62326,49406,62326,19779,12966,4820,0,4.21,5.31,1.63,111732,82105,17786,-12920,-42547,-8146
1103901,366902,62057,119564,62057,194213,192046,271789,1,5.91,3.07,3.01,181621,256270,463835,57507,132156,79743
834225,616911,60120,74419,61899,46526,9143,1615958,0,10.26,8.29,1.35,134539,108425,1625101,14299,-15373,1606815
32872,30159,61770,2900,61770,17676,18102,31296,1,0.49,10.40,1.09,64670,79446,49398,-58870,-44094,13194
2489126,181668,61708,19828,61708,7034,6861,3170,0,2.94,9.16,13.70,81536,68742,10031,-41880,-54674,-3691
274522,192627,61525,32049,61525,8291,13507,8266,0,3.13,6.01,1.43,93574,69816,21773,-29476,-53234,-5241
1776964,248778,61497,294187,61497,53431,82672,53319,1,4.05,0.85,7.14,355684,114928,135991,232690,-8066,-29353
1326239,465070,61455,46485,61455,37585,2698,690983,0,7.57,10.00,2.85,107940,99040,693681,-14970,-23870,688285
451811,727599,61127,41050,61127,17580,6047,694246,1,11.90,17.72,0.62,102177,78707,700293,-20077,-43547,688199
913997,577332,66642,119866,61071,77881,3223,1929615,0,8.66,4.82,1.58,186508,138952,1932838,53224,16810,1926392
3548,88775,61008,7382,61008,16829,7647,154498,1,1.46,12.03,0.04,68390,77837,162145,-53626,-44179,146851
882252,162651,60931,29498,60931,11741,4336,571816,0,2.67,5.51,5.42,90429,72672,576152,-31433,-49190,567480
207036,51971,60873,7618,60873,8118,4650,105150,0,0.85,6.82,3.98,68491,68991,109800,-53255,-52755,100500
6433,5004,60855,14180,60855,25818,21482,45870,1,0.08,0.35,1.29,75035,86673,67352,-46675,-35037,24388
1141744,447986,22123,385682,60761,33500,8534,826930,0,20.25,1.16,2.55,407805,94261,835464,363559,-27261,818396
846785,41596,60693,49015,60693,40076,49034,39722,0,0.69,0.85,20.36,109708,100769,88756,-11678,-20617,-9312
507258,94866,60619,5599,60619,12916,34386,31360,1,1.56,16.94,5.35,66218,73535,65746,-55020,-47703,-3026
856776,174275,60604,63943,60604,15301,54106,10276,0,2.88,2.73,4.92,124547,75905,64382,3339,-45303,-43830
584655,405312,60470,35477,60470,13502,11950,677233,1,6.70,11.42,1.44,95947,73972,689183,-24993,-46968,665283
1836257,68113,60456,50271,60456,17414,5382,242965,0,1.13,1.35,26.96,110727,77870,248347,-10185,-43042,237583
982665,396717,60268,18953,60268,25820,45509,21793,1,6.58,20.93,2.48,79221,86088,67302,-41315,-34448,-23716
945285,106338,60079,10801,60079,7696,861,241556,1,1.77,9.85,8.89,70880,67775,242417,-49278,-52383,240695
17676,27704,60050,15606,60050,20186,17334,120940,0,0.46,1.78,0.64,75656,80236,138274,-44444,-39864,103606
3199169,481889,60024,77692,60024,25452,58641,28813,1,8.03,6.20,6.64,137716,85476,87454,17668,-34572,-29828
1844502,97880,60000,38558,60000,9085,3011,378642,0,1.63,2.54,18.84,98558,69085,381653,-21442,-50915,375631
696376,162272,59937,42952,59937,6752,5595,4322,0,2.71,3.78,4.29,102889,66689,9917,-16985,-53185,-1273
1790571,1194700,49944,74959,59755,112291,26157,1228361,0,23.92,15.94,1.50,124903,172046,1254518,25015,52536,1202204
1739586,300285,59391,64419,59391,224054,5034,1490707,0,5.06,4.66,5.79,123810,283445,1495741,5028,164663,1485673
815488,124900,59247,17888,59247,23988,4986,339084,0,2.11,6.98,6.53,77135,83235,344070,-41359,-35259,334098
657898,453337,59132,54244,59132,23703,8766,65648,0,7.67,8.36,1.45,113376,82835,74414,-4888,-35429,56882
329948,142369,59130,13451,59130,48622,14574,27888,1,2.41,10.58,2.32,72581,107752,42462,-45679,-10508,13314
787708,173181,59074,8119,59074,3035,1432,224797,1,2.93,21.33,4.55,67193,62109,226229,-50955,-56039,223365
871617,312171,58985,82770,58985,25275,14571,734363,1,5.29,3.77,2.79,141755,84260,748934,23785,-33710,719792
1211599,99117,58831,35912,58831,10154,10503,657466,1,1.68,2.76,12.22,94743,68985,667969,-22919,-48677,646963
248748,426205,119752,31847,58770,59530,33512,223246,0,3.56,13.38,0.58,151599,118300,256758,-87905,760,189734
1236931,1078238,184789,132499,58740,47552,6127,1253522,0,5.83,8.14,1.15,317288,106292,1259649,-52290,-11188,1247395
453749,48668,58599,34188,58599,8715,4084,6645,0,0.83,1.42,9.32,92787,67314,10729,-24411,-49884,2561
809145,448095,13313,33423,58577,20805,9010,81561,0,33.66,13.41,1.81,46736,79382,90571,20110,-37772,72551
748049,95789,58473,129424,58473,24227,28053,26234,1,1.64,0.74,7.81,187897,82700,54287,70951,-34246,-1819
1550143,1134392,133211,92472,58468,34686,29999,533968,0,8.52,12.27,1.37,225683,93154,563967,-40739,-23782,503969
754157,793040,58299,29674,58299,176540,5105,1002863,1,13.60,26.73,0.95,87973,234839,1007968,-28625,118241,997758
362340,30423,58280,28432,58280,25833,8248,83590,0,0.52,1.07,11.91,86712,84113,91838,-29848,-32447,75342
1014501,113655,58184,17463,58184,85393,3302,531092,0,1.95,6.51,8.93,75647,143577,534394,-40721,27209,527790
1665504,170544,58024,36045,58024,9503,9772,275817,0,2.94,4.73,9.77,94069,67527,285589,-21979,-48521,266045
518298,77716,57933,15761,57933,7577,5119,2544,0,1.34,4.93,6.67,73694,65510,7663,-42172,-50356,-2575
20045,30208,57789,12598,57789,6959,2546,64991,1,0.52,2.40,0.66,70387,64748,67537,-45191,-50830,62445
709870,230358,57735,47391,57735,50591,19986,16447,0,3.99,4.86,3.08,105126,108326,36433,-10344,-7144,-3539
523116,98079,57472,4995,57472,38201,3663,553862,1,1.71,19.64,5.33,62467,95673,557525,-52477,-19271,550199
712565,244989,57416,29874,57416,6480,8535,249306,0,4.27,8.20,2.91,87290,63896,257841,-27542,-50936,240771
300753,418198,57399,24053,57399,61310,27327,15261,0,7.29,17.39,0.72,81452,118709,42588,-33346,3911,-12066
850093,132234,57379,28469,57379,6713,2707,4321,0,2.30,4.64,6.43,85848,64092,7028,-28910,-50666,1614
735001,50064,57329,38529,57329,7038,15601,5281,1,0.87,1.30,14.68,95858,64367,20882,-18800,-50291,-10320
607417,857237,57300,5074,57300,18645,15479,9757,1,14.96,168.95,0.71,62374,75945,25236,-52226,-38655,-5722
1916736,246905,81672,32562,57276,24515,19910,426573,0,3.02,7.58,7.76,114234,81791,446483,-49110,-32761,406663
365863,135946,57253,29880,57253,11989,9200,659046,1,2.37,4.55,2.69,87133,69242,668246,-27373,-45264,649846
695351,44794,57223,6792,57223,11091,3310,2389,0,0.78,6.60,15.52,64015,68314,5699,-50431,-46132,-921
403116,69228,57117,10000,57117,1891,834,657,0,1.21,6.92,5.82,67117,59008,1491,-47117,-55226,-177
439291,285643,57007,225892,57007,72109,28037,20438,0,5.01,1.26,1.54,282899,129116,48475,168885,15102,-7599
804097,212987,56954,43645,56954,7509,8388,634925,1,3.74,4.88,3.78,100599,64463,643313,-13309,-49445,626537
359410,241623,56807,22450,56807,86261,98603,64196,0,4.25,10.76,1.49,79257,143068,162799,-34357,29454,-34407
49351,37451,56783,48689,56783,12920,6068,160715,0,0.66,0.77,1.32,105472,69703,166783,-8094,-43863,154647
991978,105185,56777,39146,56777,29184,18652,4658,0,1.85,2.69,9.43,95923,85961,23310,-17631,-27593,-13994
2408733,237623,56769,46114,56769,40091,31320,17956,0,4.19,5.15,10.14,102883,96860,49276,-10655,-16678,-13364
1516203,88566,56667,26285,56667,19189,3049,305730,0,1.56,3.37,17.12,82952,75856,308779,-30382,-37478,302681
492226,293030,56584,118727,56584,51571,816,575538,1,5.18,2.47,1.68,175311,108155,576354,62143,-5013,574722
914549,378842,56533,224048,56533,43547,107919,206602,0,6.70,1.69,2.41,280581,100080,314521,167515,-12986,98683
12525,37214,56463,88909,56463,12139,5381,112511,1,0.66,0.42,0.34,145372,68602,117892,32446,-44324,107130
102913,46477,56422,58879,56422,11771,4407,2812,0,0.82,0.79,2.21,115301,68193,7219,2457,-44651,-1595
199127,82768,56139,5706,56139,15794,12549,656399,1,1.47,14.51,2.41,61845,71933,668948,-50433,-40345,643850
585728,85947,55829,20363,55829,46425,8995,31238,1,1.54,4.22,6.81,76192,102254,40233,-35466,-9404,22243
2071782,280057,48126,49683,55730,26749,58157,300537,0,5.82,5.64,7.40,97809,82479,358694,1557,-28981,242380
685719,167737,55511,32733,55511,13330,4729,365458,0,3.02,5.12,4.09,88244,68841,370187,-22778,-42181,360729
342664,40346,55310,5083,55310,4795,1213,231854,1,0.73,7.94,8.49,60393,60105,233067,-50227,-50515,230641
819734,127869,55273,9689,55273,14460,11832,20029,0,2.31,13.20,6.41,64962,69733,31861,-45584,-40813,8197
1811305,273382,55252,121133,55252,33124,18237,705030,0,4.95,2.26,6.63,176385,88376,723267,65881,-22128,686793
326192,159042,55174,15375,55174,13316,4142,1455,0,2.88,10.34,2.05,70549,68490,5597,-39799,-41858,-2687
224706,79446,54969,30513,54969,8850,2988,1578,0,1.45,2.60,2.83,85482,63819,4566,-24456,-46119,-1410
346052,329087,93216,15230,54900,11916,20286,251819,0,3.53,21.61,1.05,108446,66816,272105,-77986,-42984,231533
423560,354840,54839,118530,54839,13841,12216,67519,0,6.47,2.99,1.19,173369,68680,79735,63691,-40998,55303
224199,467150,54778,38106,54778,9704,4229,660014,1,8.53,12.26,0.48,92884,64482,664243,-16672,-45074,655785
1695560,141390,54718,53964,54718,22115,13537,66307,0,2.58,2.62,11.99,108682,76833,79844,-754,-32603,52770
92503,69602,54706,14180,54706,21222,9582,2720,1,1.27,4.91,1.33,68886,75928,12302,-40526,-33484,-6862
2149497,352040,54659,59114,54659,15446,4860,6691,0,6.44,5.96,6.11,113773,70105,11551,4455,-39213,1831
1283419,218333,54616,44173,54616,19746,5625,10322,0,4.00,4.94,5.88,98789,74362,15947,-10443,-34870,4697
451614,217468,54555,28142,54555,28895,12905,5988,0,3.99,7.73,2.08,82697,83450,18893,-26413,-25660,-6917
288120,94564,54546,71407,54546,18680,10399,7701,1,1.73,1.32,3.05,125953,73226,18100,16861,-35866,-2698
3545,21208,54436,8026,54436,16406,14174,32568,1,0.39,2.64,0.17,62462,70842,46742,-46410,-38030,18394
868422,166579,54195,28444,54195,35184,22879,42056,1,3.07,5.86,5.21,82639,89379,64935,-25751,-19011,19177
835172,469132,54072,52129,54072,15013,5991,4472,1,8.68,9.00,1.78,106201,69085,10463,-1943,-39059,-1519
824290,174391,54006,29162,54006,26705,38973,17905,0,3.23,5.98,4.73,83168,80711,56878,-24844,-27301,-21068
805664,100579,53927,34779,53927,38412,24526,17528,1,1.87,2.89,8.01,88706,92339,42054,-19148,-15515,-6998
306678,96759,53900,13416,53900,9121,9419,707363,1,1.80,7.21,3.17,67316,63021,716782,-40484,-44779,697944
508935,12698,53831,1943,53831,6634,2238,2380,1,0.24,6.54,40.08,55774,60465,4618,-51888,-47197,142
18365,32403,53775,9951,53775,15304,9594,159896,0,0.60,3.26,0.57,63726,69079,169490,-43824,-38471,150302
1074250,84862,53711,25556,53711,20677,5135,5940,1,1.58,3.32,12.66,79267,74388,11075,-28155,-33034,805
846461,696681,53603,70577,53603,11658,8056,341993,0,13.00,9.87,1.21,124180,65261,350049,16974,-41945,333937
801952,29438,53586,13002,53586,2755,5587,1515,1,0.55,2.26,27.24,66588,56341,7102,-40584,-50831,-4072
268954,94885,53450,9965,53450,5528,3150,1748,1,1.78,9.52,2.83,63415,58978,4898,-43485,-47922,-1402
51349,31664,53380,7380,53380,11009,5323,1865,0,0.59,4.29,1.62,60760,64389,7188,-46000,-42371,-3458
150371,87703,53357,31526,53357,11252,10102,92286,0,1.64,2.78,1.71,84883,64609,102388,-21831,-42105,82184
2663,27167,53309,36563,53309,26900,7303,130504,1,0.51,0.74,0.10,89872,80209,137807,-16746,-26409,123201
2956716,152657,53166,119366,53166,32833,16393,177716,0,2.87,1.28,19.37,172532,85999,194109,66200,-20333,161323
1177425,235686,53053,44511,53053,48994,2609,728024,1,4.44,5.30,5.00,97564,102047,730633,-8542,-4059,725415
565373,55515,53042,16029,53042,27530,24099,39522,1,1.05,3.46,10.18,69071,80572,63621,-37013,-25512,15423
1895099,92520,52924,17905,52924,16580,5479,9811,0,1.75,5.17,20.48,70829,69504,15290,-35019,-36344,4332
1672278,95911,52779,23192,52779,13663,27698,7426,0,1.82,4.14,17.44,75971,66442,35124,-29587,-39116,-20272
648074,398632,52753,54500,52753,23059,18229,784012,0,7.56,7.31,1.63,107253,75812,802241,1747,-29694,765783
2393731,159129,52602,7106,52602,3764,2239,197268,1,3.03,22.39,15.04,59708,56366,199507,-45496,-48838,195029
252145,9339,52594,65401,52594,16687,8104,1259,0,0.18,0.14,27.00,117995,69281,9363,12807,-35907,-6845
1518103,194873,52396,42204,52396,17440,3770,613607,1,3.72,4.62,7.79,94600,69836,617377,-10192,-34956,609837
832508,292637,52372,15770,52372,16674,14638,7220,0,5.59,18.56,2.84,68142,69046,21858,-36602,-35698,-7418
389933,132434,52359,13984,52359,11313,7179,220271,0,2.53,9.47,2.94,66343,63672,227450,-38375,-41046,213092
574201,94857,52305,23481,52305,22757,8530,3940,0,1.81,4.04,6.05,75786,75062,12470,-28824,-29548,-4590
390851,201326,58445,10967,52272,67988,4502,757267,0,3.44,18.36,1.94,69412,120260,761769,-47478,15716,752765
1763130,797407,52219,19535,52219,30302,20250,7015,0,15.27,40.82,2.21,71754,82521,27265,-32684,-21917,-13235
82613,41674,52112,50000,52112,6185,3256,1750,0,0.80,0.83,1.98,102112,58297,5006,-2112,-45927,-1506
95010,15610,51925,25553,51925,10323,6407,171788,0,0.30,0.61,6.09,77478,62248,178195,-26372,-41602,165381
66414,36526,51889,4262,51889,11664,13823,87344,0,0.70,8.57,1.82,56151,63553,101167,-47627,-40225,73521
424256,133250,51821,54952,51821,28120,12335,6344,0,2.57,2.42,3.18,106773,79941,18679,3131,-23701,-5991
2896419,220688,51792,70929,51792,17796,16495,8832,0,4.26,3.11,13.12,122721,69588,25327,19137,-33996,-7663
1025728,692718,17128,114851,51629,61085,63394,292484,0,40.44,6.03,1.48,131979,112714,355878,97723,9456,229090
705204,264410,51566,21753,51566,14909,22585,72666,0,5.13,12.16,2.67,73319,66475,95251,-29813,-36657,50081
14120,22058,51560,14082,51560,37524,18161,112621,1,0.43,1.57,0.64,65642,89084,130782,-37478,-14036,94460
149741,183837,51554,44394,51554,27471,25828,20179,0,3.57,4.14,0.81,95948,79025,46007,-7160,-24083,-5649
1166044,386263,51527,86167,51527,38732,28648,27166,0,7.50,4.48,3.02,137694,90259,55814,34640,-12795,-1482
1414515,165389,51405,43886,51405,25811,12066,6728,0,3.22,3.77,8.55,95291,77216,18794,-7519,-25594,-5338
680525,160899,51399,50290,51399,15329,9113,1811,0,3.13,3.20,4.23,101689,66728,10924,-1109,-36070,-7302
1391007,184705,51012,17088,51012,15322,13920,571523,0,3.62,10.81,7.53,68100,66334,585443,-33924,-35690,557603
791222,638609,50940,274587,50940,66343,65537,17421,1,12.54,2.33,1.24,325527,117283,82958,223647,15403,-48116
23495,47586,50932,9991,50932,5494,2793,62664,1,0.93,4.76,0.49,60923,56426,65457,-40941,-45438,59871
294341,281043,50890,45113,50890,16440,9563,610425,1,5.52,6.23,1.05,96003,67330,619988,-5777,-34450,600862
766614,219633,50882,80177,50882,25295,10526,93554,0,4.32,2.74,3.49,131059,76177,104080,29295,-25587,83028
10684,51257,50865,6425,50865,7171,4462,31497,1,1.01,7.98,0.21,57290,58036,35959,-44440,-43694,27035
31805,21307,50805,41101,50805,3145,4308,3492,0,0.42,0.52,1.49,91906,53950,7800,-9704,-47660,-816
2081971,304080,50741,110764,50741,64974,73819,184666,0,5.99,2.75,6.85,161505,115715,258485,60023,14233,110847
738015,238907,50726,78609,50726,9287,4238,925312,1,4.71,3.04,3.09,129335,60013,929550,27883,-41439,921074
704691,123617,50572,47512,50572,20891,5928,306151,0,2.44,2.60,5.70,98084,71463,312079,-3060,-29681,300223
982126,131590,50558,20876,50558,12420,8085,93204,0,2.60,6.30,7.46,71434,62978,101289,-29682,-38138,85119
915390,43719,50552,97885,50552,15579,18134,37487,0,0.86,0.45,20.94,148437,66131,55621,47333,-34973,19353
1648336,54975,50525,14490,50525,22110,8487,354357,0,1.09,3.79,29.98,65015,72635,362844,-36035,-28415,345870
245585,73707,50453,3603,50453,36114,939,228974,1,1.46,20.46,3.33,54056,86567,229913,-46850,-14339,228035
461272,317532,50437,33810,50437,16750,14750,16244,0,6.30,9.39,1.45,84247,67187,30994,-16627,-33687,1494
1799008,336988,50351,80314,50351,26452,16026,520275,1,6.69,4.20,5.34,130665,76803,536301,29963,-23899,504249
1123796,77943,50250,71509,50250,11955,5363,3606,0,1.55,1.09,14.42,121759,62205,8969,21259,-38295,-1757
871381,163275,50204,14122,50204,9348,5007,154783,0,3.25,11.56,5.34,64326,59552,159790,-36082,-40856,149776
347412,129769,50203,57576,50203,5372,4114,3133,0,2.58,2.25,2.68,107779,55575,7247,7373,-44831,-981
1041501,93713,50163,13870,50163,18402,7847,76436,0,1.87,6.76,11.11,64033,68565,84283,-36293,-31761,68589
6930,24127,50147,22815,50147,21145,4357,163420,1,0.48,1.06,0.29,72962,71292,167777,-27332,-29002,159063
372332,147255,50124,45668,50124,61254,50764,78514,0,2.94,3.22,2.53,95792,111378,129278,-4456,11130,27750
1071335,297118,50082,22575,50082,7694,10742,7427,0,5.93,13.16,3.61,72657,57776,18169,-27507,-42388,-3315
294910,56010,50079,22124,50079,5973,5495,2406,0,1.12,2.53,5.27,72203,56052,7901,-27955,-44106,-3089
1083477,134478,49849,21961,49849,15276,22015,13682,0,2.70,6.12,8.06,71810,65125,35697,-27888,-34573,-8333
2446264,80033,49813,32101,49813,21712,6034,24150,0,1.61,2.49,30.57,81914,71525,30184,-17712,-28101,18116
652750,270763,49738,2925,49738,149025,1803,769083,1,5.44,92.57,2.41,52663,198763,770886,-46813,99287,767280
1473792,316779,49710,6456,49710,26495,12853,150601,0,6.37,49.07,4.65,56166,76205,163454,-43254,-23215,137748
1256703,297786,49494,42190,49494,36420,1714,496606,1,6.02,7.06,4.22,91684,85914,498320,-7304,-13074,494892
958720,290207,49377,36022,49377,12678,8477,4116,1,5.88,8.06,3.30,85399,62055,12593,-13355,-36699,-4361
1966303,34389,49210,45327,49210,22818,12161,42748,0,0.70,0.76,57.18,94537,72028,54909,-3883,-26392,30587
780779,170166,145396,84716,49024,27011,27363,252358,0,1.17,2.01,4.59,230112,76035,279721,-60680,-22013,224995
171238,108588,48871,101225,48871,36248,12650,99941,0,2.22,1.07,1.58,150096,85119,112591,52354,-12623,87291
590508,87157,48837,10124,48837,51050,4246,209022,0,1.78,8.61,6.78,58961,99887,213268,-38713,2213,204776
1052352,97574,48714,32372,48714,37275,43259,21577,0,2.00,3.01,10.79,81086,85989,64836,-16342,-11439,-21682
1439167,754324,108671,24926,48494,93445,8051,1380668,0,6.94,30.26,1.91,133597,141939,1388719,-83745,44951,1372617
1838000,39369,48454,16144,48454,14202,6925,701634,1,0.81,2.44,46.69,64598,62656,708559,-32310,-34252,694709
394498,189165,48298,5489,48298,31820,2921,458273,0,3.92,34.46,2.09,53787,80118,461194,-42809,-16478,455352
38504,63547,48293,33267,48293,10078,2279,2055,0,1.32,1.91,0.61,81560,58371,4334,-15026,-38215,-224
9953,5276,48255,13974,48255,20139,7349,26781,1,0.11,0.38,1.89,62229,68394,34130,-34281,-28116,19432
9210,18729,48056,5001,48056,3012,2858,55178,1,0.39,3.75,0.49,53057,51068,58036,-43055,-45044,52320
206966,64045,48029,18213,48029,12606,10837,6134,1,1.33,3.52,3.23,66242,60635,16971,-29816,-35423,-4703
1242538,1094650,10585,33127,48023,77428,17602,318161,0,103.42,33.04,1.14,43712,125451,335763,22542,29405,300559
165065,90070,47865,25392,47865,48860,13139,43004,1,1.88,3.55,1.83,73257,96725,56143,-22473,995,29865
151837,79310,47796,33763,47796,7590,5704,180327,0,1.66,2.35,1.91,81559,55386,186031,-14033,-40206,174623
1062506,62311,47744,13298,47744,10117,10766,6139,1,1.31,4.69,17.05,61042,57861,16905,-34446,-37627,-4627
1019100,477731,78447,46786,47739,208046,7917,1258273,0,6.09,10.21,2.13,125233,255785,1266190,-31661,160307,1250356
1392880,320400,47733,25180,47733,20676,4607,836453,1,6.71,12.72,4.35,72913,68409,841060,-22553,-27057,831846
1770126,227817,58454,8785,47677,6737,8083,231047,0,3.90,25.93,7.77,67239,54414,239130,-49669,-40940,222964
726894,34608,47552,21635,47552,28836,8452,11365,0,0.73,1.60,21.00,69187,76388,19817,-25917,-18716,2913
835104,411011,262751,174184,47403,74557,15324,1023714,0,1.56,2.36,2.03,436935,121960,1039038,-88567,27154,1008390
62504,9564,47379,38705,47379,8947,8365,2714,0,0.20,0.25,6.54,86084,56326,11079,-8674,-38432,-5651
1494276,254448,47357,24007,47357,33500,12215,10537,0,5.37,10.60,5.87,71364,80857,22752,-23350,-13857,-1678
2184311,263830,15741,24335,47344,19451,22437,181204,0,16.76,10.84,8.28,40076,66795,203641,8594,-27893,158767
900683,67385,47239,992,47239,9680,5781,3072,0,1.43,67.93,13.37,48231,56919,8853,-46247,-37559,-2709
2373980,633325,47177,46329,47177,15277,11557,596239,0,13.42,13.67,3.75,93506,62454,607796,-848,-31900,584682
445851,83279,47111,28893,47111,20604,5569,198049,0,1.77,2.88,5.35,76004,67715,203618,-18218,-26507,192480
692854,166896,47061,35909,47061,30552,1901,551275,1,3.55,4.65,4.15,82970,77613,553176,-11152,-16509,549374
781171,296931,46890,6393,46890,5225,2368,1412,0,6.33,46.45,2.63,53283,52115,3780,-40497,-41665,-956
207745,149320,46768,19069,46768,11419,11301,604078,1,3.19,7.83,1.39,65837,58187,615379,-27699,-35349,592777
1027971,70750,46709,26964,46709,23642,12818,5197,0,1.51,2.62,14.53,73673,70351,18015,-19745,-23067,-7621
339289,100668,46635,16574,46635,16429,10957,81211,0,2.16,6.07,3.37,63209,63064,92168,-30061,-30206,70254
1050269,705154,46572,85694,46572,21585,9749,7948,0,15.14,8.23,1.49,132266,68157,17697,39122,-24987,-1801
914436,64675,46540,37195,46540,14370,5388,213144,0,1.39,1.74,14.14,83735,60910,218532,-9345,-32170,207756
97247,159529,46456,90362,46456,38757,14032,128114,0,3.43,1.77,0.61,136818,85213,142146,43906,-7699,114082
267883,94119,46439,50037,46439,12049,3434,1827,1,2.03,1.88,2.85,96476,58488,5261,3598,-34390,-1607
1081646,998069,58022,47469,46386,36622,75202,355394,0,17.20,21.03,1.08,105491,83008,430596,-10553,-9764,280192
39217,55377,46267,47388,46267,18357,12647,62928,1,1.20,1.17,0.71,93655,64624,75575,1121,-27910,50281
462533,234218,46197,10376,46197,22605,30596,72656,0,5.07,22.57,1.97,56573,68802,103252,-35821,-23592,42060
470876,417607,80444,80878,46189,28440,5246,596204,0,5.19,5.16,1.13,161322,74629,601450,434,-17749,590958
692887,311498,46143,72517,46143,23181,10924,8432,0,6.75,4.30,2.22,118660,69324,19356,26374,-22962,-2492
1119099,127488,46105,40464,46105,51729,16884,189584,0,2.77,3.15,8.78,86569,97834,206468,-5641,5624,172700
278756,118499,46007,24567,46007,10654,16285,3988,0,2.58,4.82,2.35,70574,56661,20273,-21440,-35353,-12297
19739,81365,45810,6687,45810,18947,3528,35559,1,1.78,12.17,0.24,52497,64757,39087,-39123,-26863,32031
486432,47229,45804,3078,45804,21173,7488,618635,1,1.03,15.34,10.30,48882,66977,626123,-42726,-24631,611147
5096,7647,45618,18971,45618,8461,4684,37847,1,0.17,0.40,0.67,64589,54079,42531,-26647,-37157,33163
1918229,113241,45618,31229,45618,17972,25589,26310,0,2.48,3.63,16.94,76847,63590,51899,-14389,-27646,721
677321,147337,45611,11994,45611,11463,3088,128099,0,3.23,12.28,4.60,57605,57074,131187,-33617,-34148,125011
142422,205340,45533,28228,45533,24960,21740,648798,1,4.51,7.27,0.69,73761,70493,670538,-17305,-20573,627058
441816,40314,45465,7328,45465,53679,27682,10281,1,0.89,5.50,10.96,52793,99144,37963,-38137,8214,-17401
2239702,358661,45399,92663,45399,12822,15497,12673,1,7.90,3.87,6.24,138062,58221,28170,47264,-32577,-2824
871083,88828,45395,19388,45395,6940,10391,7652,1,1.96,4.58,9.81,64783,52335,18043,-26007,-38455,-2739
106672,27820,45206,8913,45206,12149,11285,8295,0,0.62,3.12,3.83,54119,57355,19580,-36293,-33057,-2990
94197,50822,45170,10473,45170,7808,3349,5097,0,1.13,4.85,1.85,55643,52978,8446,-34697,-37362,1748
770631,518321,9797,55391,45078,43415,11678,46262,0,52.91,9.36,1.49,65188,88493,57940,45594,-1663,34584
894972,197289,19371,26022,45046,9901,5096,219596,0,10.18,7.58,4.54,45393,54947,224692,6651,-35145,214500
75373,82812,44966,8304,44966,19436,11391,72586,0,1.84,9.97,0.91,53270,64402,83977,-36662,-25530,61195
493359,59900,44937,21678,44937,4697,1272,252298,0,1.33,2.76,8.24,66615,49634,253570,-23259,-40240,251026
1146878,201265,44932,47582,44932,6844,4881,1990,0,4.48,4.23,5.70,92514,51776,6871,2650,-38088,-2891
1182181,50808,44894,127479,44894,14077,32981,17226,0,1.13,0.40,23.27,172373,58971,50207,82585,-30817,-15755
72152,92341,44785,24723,44785,7297,9504,77465,0,2.06,3.74,0.78,69508,52082,86969,-20062,-37488,67961
981634,126660,44756,8813,44756,29150,7986,606225,1,2.83,14.37,7.75,53569,73906,614211,-35943,-15606,598239
22429,15051,44650,21322,44650,24805,11346,15796,1,0.34,0.71,1.49,65972,69455,27142,-23328,-19845,4450
432061,98218,44638,16473,44638,10068,13700,21380,0,2.20,5.96,4.40,61111,54706,35080,-28165,-34570,7680
491318,104947,44546,26942,44546,6256,13040,114361,0,2.36,3.90,4.68,71488,50802,127401,-17604,-38290,101321
1069820,113807,44534,39530,44534,8594,4773,3635,0,2.56,2.88,9.40,84064,53128,8408,-5004,-35940,-1138
749540,171024,44527,8197,44527,23630,5489,611151,1,3.84,20.86,4.38,52724,68157,616640,-36330,-20897,605662
2628571,469433,44491,49897,44491,40444,7313,13363,0,10.55,9.41,5.60,94388,84935,20676,5406,-4047,6050
590925,152959,44413,11776,44413,16156,5415,976773,1,3.44,12.99,3.86,56189,60569,982188,-32637,-28257,971358
44226,51163,44390,28812,44390,4192,2544,38858,1,1.15,1.78,0.86,73202,48582,41402,-15578,-40198,36314
59613,27289,44382,38165,44382,41087,25582,18579,1,0.61,0.72,2.18,82547,85469,44161,-6217,-3295,-7003
652871,133241,44369,44059,44369,51788,26397,11394,0,3.00,3.02,4.90,88428,96157,37791,-310,7419,-15003
1493712,120237,44333,59341,44333,19014,19332,540352,1,2.71,2.03,12.42,103674,63347,559684,15008,-25319,521020
564464,116670,44264,41827,44264,10539,2087,266956,0,2.64,2.79,4.84,86091,54803,269043,-2437,-33725,264869
6175,20089,44192,8610,44192,3277,2872,74318,1,0.45,2.33,0.31,52802,47469,77190,-35582,-40915,71446
129317,22259,44099,40059,44099,16884,8795,116893,0,0.50,0.56,5.81,84158,60983,125688,-4040,-27215,108098
1383062,240937,44041,135615,44041,246045,43872,28682,1,5.47,1.78,5.74,179656,290086,72554,91574,202004,-15190
1032318,624748,43942,40549,43942,46296,8779,340170,0,14.22,15.41,1.65,84491,90238,348949,-3393,2354,331391
96016,92705,43885,35768,43885,6654,9202,3507,0,2.11,2.59,1.04,79653,50539,12709,-8117,-37231,-5695
1156691,1123256,43884,84197,43884,79060,55197,77833,0,25.60,13.34,1.03,128081,122944,133030,40313,35176,22636
1218684,112183,43763,31496,43763,31659,24180,9514,1,2.56,3.56,10.86,75259,75422,33694,-12267,-12104,-14666
765937,1768520,188113,64426,43760,55445,25563,658419,0,9.40,27.45,0.43,252539,99205,683982,-123687,11685,632856
20620,22287,43736,14151,43736,5747,1819,77372,1,0.51,1.57,0.93,57887,49483,79191,-29585,-37989,75553
1222531,334212,333414,54094,43649,24035,21593,713259,0,1.00,6.18,3.66,387508,67684,734852,-279320,-19614,691666
1198084,518555,108521,53588,43618,5139,4440,386966,0,4.78,9.68,2.31,162109,48757,391406,-54933,-38479,382526
791464,38823,43569,5871,43569,5166,7427,158961,1,0.89,6.61,20.39,49440,48735,166388,-37698,-38403,151534
590368,185965,43498,51420,43498,48209,9571,9996,1,4.28,3.62,3.17,94918,91707,19567,7922,4711,425
1946778,413627,43096,25165,43096,31706,36915,84850,0,9.60,16.44,4.71,68261,74802,121765,-17931,-11390,47935
1859772,746710,43066,42498,43066,127963,35600,19290,0,17.34,17.57,2.49,85564,171029,54890,-568,84897,-16310
1412976,84246,6977,29832,43036,8770,6710,204652,0,12.07,2.82,16.77,36809,51806,211362,22855,-34266,197942
69045,108768,43008,9926,43008,6930,6974,91863,0,2.53,10.96,0.63,52934,49938,98837,-33082,-36078,84889
1388737,140076,61740,6174,42976,11485,6906,256470,0,2.27,22.69,9.91,67914,54461,263376,-55566,-31491,249564
76632,152096,42955,23790,42955,23868,9726,109686,1,3.54,6.39,0.50,66745,66823,119412,-19165,-19087,99960
2804584,434667,42944,37510,42944,18680,17790,557376,0,10.12,11.59,6.45,80454,61624,575166,-5434,-24264,539586
333073,64149,42918,34198,42918,10560,3244,3015,1,1.49,1.88,5.19,77116,53478,6259,-8720,-32358,-229
93307,48894,42918,5543,42918,11373,7716,4542,1,1.14,8.82,1.91,48461,54291,12258,-37375,-31545,-3174
1469049,25573,42906,36551,42906,5155,5237,209076,1,0.60,0.70,57.45,79457,48061,214313,-6355,-37751,203839
139210,138208,42879,25696,42879,30410,16135,12504,0,3.22,5.38,1.01,68575,73289,28639,-17183,-12469,-3631
571789,43577,28647,53435,42833,32787,19041,338911,0,1.52,0.82,13.12,82082,75620,357952,24788,-10046,319870
1750651,148660,42832,29998,42832,26457,7744,311683,0,3.47,4.96,11.78,72830,69289,319427,-12834,-16375,303939
984473,52185,55770,19168,42798,24209,19156,126528,0,0.94,2.72,18.87,74938,67007,145684,-36602,-18589,107372
1339768,31088,42741,65287,42741,22373,6417,278867,0,0.73,0.48,43.10,108028,65114,285284,22546,-20368,272450
6223,15976,42720,15008,42720,15052,10530,45087,1,0.37,1.06,0.39,57728,57772,55617,-27712,-27668,34557
78829,219438,42684,19216,42684,12237,13108,580107,1,5.14,11.42,0.36,61900,54921,593215,-23468,-30447,566999
571621,42973,42676,12628,42676,9151,2467,2454,0,1.01,3.40,13.30,55304,51827,4921,-30048,-33525,-13
95335,36520,42399,19551,42399,13143,7667,84679,0,0.86,1.87,2.61,61950,55542,92346,-22848,-29256,77012
2546372,900186,42397,181028,42397,15724,18636,936861,1,21.23,4.97,2.83,223425,58121,955497,138631,-26673,918225
1201195,147122,42362,14536,42362,7338,8270,3417,0,3.47,10.12,8.16,56898,49700,11687,-27826,-35024,-4853
1776796,67610,42303,49101,42303,6243,2901,142717,1,1.60,1.38,26.28,91404,48546,145618,6798,-36060,139816
673598,212767,42292,56956,42292,31790,24917,72111,0,5.03,3.74,3.17,99248,74082,97028,14664,-10502,47194
368892,94410,42274,62857,42274,26848,35588,23751,0,2.23,1.50,3.91,105131,69122,59339,20583,-15426,-11837
952337,169027,42265,30504,42265,79584,2891,3922,0,4.00,5.54,5.63,72769,121849,6813,-11761,37319,1031
1948949,112566,42235,38170,42235,13431,6318,2525,0,2.67,2.95,17.31,80405,55666,8843,-4065,-28804,-3793
733155,257211,42204,75598,42204,10697,2113,375867,0,6.09,3.40,2.85,117802,52901,377980,33394,-31507,373754
1992174,250868,42175,18444,42175,8648,2716,401540,0,5.95,13.60,7.94,60619,50823,404256,-23731,-33527,398824
5374,27872,42087,14910,42087,13418,5419,139548,1,0.66,1.87,0.19,56997,55505,144967,-27177,-28669,134129
266934,469356,42075,94536,42075,45995,3272,3367,0,11.16,4.96,0.57,136611,88070,6639,52461,3920,95
159062,50008,42006,49483,42006,9739,5554,1842,0,1.19,1.01,3.18,91489,51745,7396,7477,-32267,-3712
239977,51194,41901,17964,41901,4847,2644,2188,0,1.22,2.85,4.69,59865,46748,4832,-23937,-37054,-456
1323358,107054,41877,14002,41877,9142,8696,4078,0,2.56,7.65,12.36,55879,51019,12774,-27875,-32735,-4618
430007,174124,41853,38314,41853,20695,9227,3074,1,4.16,4.54,2.47,80167,62548,12301,-3539,-21158,-6153
9078,24133,41832,15329,41832,39084,7181,72162,1,0.58,1.57,0.38,57161,80916,79343,-26503,-2748,64981
617384,172927,41761,13525,41761,6382,2507,256462,1,4.14,12.79,3.57,55286,48143,258969,-28236,-35379,253955
6070,17978,41728,7133,41728,10317,3297,39542,1,0.43,2.52,0.34,48861,52045,42839,-34595,-31411,36245
361698,84843,41720,14842,41720,12460,5346,28990,1,2.03,5.72,4.26,56562,54180,34336,-26878,-29260,23644
318643,76906,41625,4341,41625,16161,4382,615778,1,1.85,17.72,4.14,45966,57786,620160,-37284,-25464,611396
130409,45358,41577,16386,41577,26322,5102,513388,1,1.09,2.77,2.88,57963,67899,518490,-25191,-15255,508286
156237,90619,41574,30493,41574,17568,8551,74124,0,2.18,2.97,1.72,72067,59142,82675,-11081,-24006,65573
751018,119651,41569,18067,41569,29300,5676,209928,0,2.88,6.62,6.28,59636,70869,215604,-23502,-12269,204252
254405,260960,41552,12099,41552,80308,15285,14744,0,6.28,21.57,0.97,53651,121860,30029,-29453,38756,-541
577307,131490,41529,29799,41529,17513,21996,117082,0,3.17,4.41,4.39,71328,59042,139078,-11730,-24016,95086
281473,26510,41412,6373,41412,5811,304,131315,1,0.64,4.16,10.62,47785,47223,131619,-35039,-35601,131011
261930,152054,62391,66055,41399,15840,20129,271657,0,2.44,2.30,1.72,128446,57239,291786,3664,-25559,251528
286389,94509,41395,47919,41395,5138,2715,3651,0,2.28,1.97,3.03,89314,46533,6366,6524,-36257,936
517863,348619,7513,42875,41340,16492,5824,850991,0,46.40,8.13,1.49,50388,57832,856815,35362,-24848,845167
875794,71439,89235,14134,41302,29979,5971,530528,0,0.80,5.05,12.26,103369,71281,536499,-75101,-11323,524557
224553,188478,41219,28809,41219,18398,7731,128275,0,4.57,6.54,1.19,70028,59617,136006,-12410,-22821,120544
51970,32012,41157,21005,41157,3543,2411,1396,0,0.78,1.52,1.62,62162,44700,3807,-20152,-37614,-1015
179603,18028,41143,11950,41143,6404,2833,656064,1,0.44,1.51,9.96,53093,47547,658897,-29193,-34739,653231
64095,35469,41076,19644,41076,4405,2836,2118,0,0.86,1.81,1.81,60720,45481,4954,-21432,-36671,-718
197332,134775,41033,11957,41033,28238,3680,1681,0,3.28,11.27,1.46,52990,69271,5361,-29076,-12795,-1999
871218,102103,41020,4611,41020,39417,10691,613335,1,2.49,22.14,8.53,45631,80437,624026,-36409,-1603,602644
1313291,72163,41012,17683,41012,6823,1986,629424,1,1.76,4.08,18.20,58695,47835,631410,-23329,-34189,627438
3776,4591,40856,3915,40856,15268,1732,61007,1,0.11,1.17,0.82,44771,56124,62739,-36941,-25588,59275
10921,59663,40782,12337,40782,15338,9802,26624,1,1.46,4.84,0.18,53119,56120,36426,-28445,-25444,16822
90179,98069,40776,14956,40776,19509,6127,6305,0,2.41,6.56,0.92,55732,60285,12432,-25820,-21267,178
1442585,312982,40749,21087,40749,11555,9117,12002,0,7.68,14.84,4.61,61836,52304,21119,-19662,-29194,2885
1159259,35195,31100,65012,40651,15715,5123,258199,0,1.13,0.54,32.94,96112,56366,263322,33912,-24936,253076
859596,206834,81341,37820,40579,18497,6615,216784,0,2.54,5.47,4.16,119161,59076,223399,-43521,-22082,210169
679809,125883,40514,37910,40514,7300,17474,18260,0,3.11,3.32,5.40,78424,47814,35734,-2604,-33214,786
253462,30669,40470,51553,40470,13952,4095,2247,0,0.76,0.59,8.26,92023,54422,6342,11083,-26518,-1848
49494,9174,40418,14475,40418,6062,4879,3251,1,0.23,0.63,5.40,54893,46480,8130,-25943,-34356,-1628
975641,219110,40410,139552,40410,98634,27087,56171,1,5.42,1.57,4.45,179962,139044,83258,99142,58224,29084
506788,87134,40361,7193,40361,4692,1635,174544,1,2.16,12.11,5.82,47554,45053,176179,-33168,-35669,172909
2445364,293891,318154,114483,40352,206969,4786,2328370,0,0.92,2.57,8.32,432637,247321,2333156,-203671,166617,2323584
707172,209926,40338,57633,40338,9854,24601,86204,0,5.20,3.64,3.37,97971,50192,110805,17295,-30484,61603
2556329,672091,40298,20934,40298,19996,21852,13216,0,16.68,32.11,3.80,61232,60294,35068,-19364,-20302,-8636
333088,62285,40167,14667,40167,10677,7503,737589,1,1.55,4.25,5.35,54834,50844,745092,-25500,-29490,730086
1019068,43516,40162,1000,40162,8778,9308,3002,0,1.08,43.52,23.42,41162,48940,12310,-39162,-31384,-6306
52579,8884,40161,3773,40161,1763,4116,36301,1,0.22,2.35,5.92,43934,41924,40417,-36388,-38398,32185
501291,284772,40148,6119,40148,6831,9441,5381,1,7.09,46.54,1.76,46267,46979,14822,-34029,-33317,-4060
239539,65995,40145,4984,40145,35720,1243,373717,1,1.64,13.24,3.63,45129,75865,374960,-35161,-4425,372474
1123408,121360,40092,13516,40092,11661,6851,627963,1,3.03,8.98,9.26,53608,51753,634814,-26576,-28431,621112
33941,35885,39983,64016,39983,45634,23607,17413,1,0.90,0.56,0.95,103999,85617,41020,24033,5651,-6194
54014,16592,39867,98364,39867,9632,2803,1244,1,0.42,0.17,3.26,138231,49499,4047,58497,-30235,-1559
1823529,234285,51588,39136,39825,29974,13572,540700,0,4.54,5.99,7.78,90724,69799,554272,-12452,-9851,527128
635766,267191,39814,65254,39814,10817,9353,306577,0,6.71,4.09,2.38,105068,50631,315930,25440,-28997,297224
259154,74373,39798,13501,39798,14996,11131,527848,1,1.87,5.51,3.48,53299,54794,538979,-26297,-24802,516717
1119817,283283,140542,10437,39721,58079,6875,655854,0,2.02,27.14,3.95,150979,97800,662729,-130105,18358,648979
1922161,102693,28460,63432,39704,11295,3298,536446,0,3.61,1.62,18.72,91892,50999,539744,34972,-28409,533148
589351,38760,39689,9638,39689,10725,5318,4236,0,0.98,4.02,15.21,49327,50414,9554,-30051,-28964,-1082
343996,443662,39431,21107,39431,24389,43635,96048,0,11.25,21.02,0.78,60538,63820,139683,-18324,-15042,52413
712465,334984,39419,31097,39419,22509,11704,756722,1,8.50,10.77,2.13,70516,61928,768426,-8322,-16910,745018
1278478,232106,39407,35335,39407,12112,7295,560438,0,5.89,6.57,5.51,74742,51519,567733,-4072,-27295,553143
2002823,347243,61375,14592,39403,19811,22542,417561,0,5.66,23.80,5.77,75967,59214,440103,-46783,-19592,395019
179005,47528,39379,11219,39379,6141,1739,3556,0,1.21,4.24,3.77,50598,45520,5295,-28160,-33238,1817
227904,93367,39339,34705,39339,5217,2633,2738,0,2.37,2.69,2.44,74044,44556,5371,-4634,-34122,105
73697,106073,39297,23719,39297,23159,42917,40786,1,2.70,4.47,0.69,63016,62456,83703,-15578,-16138,-2131
1093728,73966,39169,15658,39169,9360,4458,2389,0,1.89,4.72,14.79,54827,48529,6847,-23511,-29809,-2069
434312,398544,66320,51856,39158,80809,32141,408151,0,6.01,7.69,1.09,118176,119967,440292,-14464,41651,376010
463652,132288,39125,36172,39125,12902,10621,8779,0,3.38,3.66,3.50,75297,52027,19400,-2953,-26223,-1842
191174,41858,39119,61164,39119,6465,6546,8678,1,1.07,0.68,4.57,100283,45584,15224,22045,-32654,2132
1560480,353102,39107,38584,39107,24071,2692,278469,0,9.03,9.15,4.42,77691,63178,281161,-523,-15036,275777
23112,15641,39049,3753,39049,15686,6271,102852,1,0.40,4.17,1.48,42802,54735,109123,-35296,-23363,96581
302948,514598,39027,16312,39027,13630,7941,231872,0,13.19,31.55,0.59,55339,52657,239813,-22715,-25397,223931
19627,25818,38996,10621,38996,25957,28705,75783,1,0.66,2.43,0.76,49617,64953,104488,-28375,-13039,47078
797877,473119,35128,48922,38901,15754,37169,75550,0,13.47,9.67,1.69,84050,54655,112719,13794,-23147,38381
747559,202573,38890,16740,38890,8414,5394,191619,1,5.21,12.10,3.69,55630,47304,197013,-22150,-30476,186225
31348,10809,38812,31505,38812,23382,5535,82158,1,0.28,0.34,2.90,70317,62194,87693,-7307,-15430,76623
2245874,121516,38807,71937,38807,72627,11474,1770899,0,3.13,1.69,18.48,110744,111434,1782373,33130,33820,1759425
224017,137277,38796,9443,38796,13109,32076,120961,0,3.54,14.54,1.63,48239,51905,153037,-29353,-25687,88885
269298,187174,38792,13955,38792,32979,902,319836,1,4.83,13.41,1.44,52747,71771,320738,-24837,-5813,318934
113459,188052,38726,12062,38726,6570,11447,4595,0,4.86,15.59,0.60,50788,45296,16042,-26664,-32156,-6852
14559,41540,38705,8581,38705,6372,3177,51805,1,1.07,4.84,0.35,47286,45077,54982,-30124,-32333,48628
196100,106924,38599,36481,38599,31452,1377,618307,0,2.77,2.93,1.83,75080,70051,619684,-2118,-7147,616930
468589,184631,38546,32421,38546,35214,24694,566363,0,4.79,5.69,2.54,70967,73760,591057,-6125,-3332,541669
1140022,125248,38505,42773,38505,11805,2651,2550,1,3.25,2.93,9.10,81278,50310,5201,4268,-26700,-101
6992,25059,38503,30772,38503,17751,1317,80292,1,0.65,0.81,0.28,69275,56254,81609,-7731,-20752,78975
583832,85991,38492,7477,38492,7658,2668,90189,0,2.23,11.50,6.79,45969,46150,92857,-31015,-30834,87521
1777848,160910,38479,15215,38479,15581,4811,696867,1,4.18,10.58,11.05,53694,54060,701678,-23264,-22898,692056
188276,49029,38139,5868,38139,3956,4834,2517,0,1.29,8.36,3.84,44007,42095,7351,-32271,-34183,-2317
5311,43849,38126,10940,38126,8936,3818,159434,1,1.15,4.01,0.12,49066,47062,163252,-27186,-29190,155616
1196228,149913,38061,45522,38061,38288,14533,7951,0,3.94,3.29,7.98,83583,76349,22484,7461,227,-6582
1171271,499164,38054,93687,38054,14672,7477,5794,1,13.12,5.33,2.35,131741,52726,13271,55633,-23382,-1683
370448,420927,37992,44298,37992,22372,12329,15234,0,11.08,9.50,0.88,82290,60364,27563,6306,-15620,2905
656515,132086,37950,8014,37950,12748,2628,2007,1,3.48,16.48,4.97,45964,50698,4635,-29936,-25202,-621
1339873,123610,37899,33202,37899,18360,19261,38976,1,3.26,3.72,10.84,71101,56259,58237,-4697,-19539,19715
241165,17198,37758,36650,37758,15739,3421,1197,0,0.46,0.47,14.02,74408,53497,4618,-1108,-22019,-2224
798391,179862,37730,51102,37730,6018,2264,1114,0,4.77,3.52,4.44,88832,43748,3378,13372,-31712,-1150
263190,15649,37713,23147,37713,5428,2272,2018,0,0.41,0.68,16.82,60860,43141,4290,-14566,-32285,-254
130777,317059,37703,47410,37703,22282,19638,97211,0,8.41,6.69,0.41,85113,59985,116849,9707,-15421,77573
760513,132866,37568,4674,37568,6715,3844,212779,0,3.54,28.43,5.72,42242,44283,216623,-32894,-30853,208935
168856,197239,84236,69589,37554,38410,30702,25746,0,2.34,2.83,0.86,153825,75964,56448,-14647,856,-4956
1049874,308666,37466,7390,37466,10551,6399,714378,1,8.24,41.77,3.40,44856,48017,720777,-30076,-26915,707979
870276,577349,33055,73625,37457,35499,27881,581355,0,17.47,7.84,1.51,106680,72956,609236,40570,-1958,553474
82608,111717,37440,40423,37440,7454,2490,2513,0,2.98,2.76,0.74,77863,44894,5003,2983,-29986,23
1210126,91910,37423,40805,37423,45394,37602,36177,0,2.46,2.25,13.17,78228,82817,73779,3382,7971,-1425
1289037,511155,37352,37607,37352,28360,12141,234847,0,13.68,13.59,2.52,74959,65712,246988,255,-8992,222706
195094,40196,37334,20659,37334,5253,1586,87724,0,1.08,1.95,4.85,57993,42587,89310,-16675,-32081,86138
1285589,289839,37256,13139,37256,100556,54250,13868,1,7.78,22.06,4.44,50395,137812,68118,-24117,63300,-40382
584427,160081,37045,15314,37045,28120,6786,8109,1,4.32,10.45,3.65,52359,65165,14895,-21731,-8925,1323
244671,65493,37009,19787,37009,32211,42065,18971,0,1.77,3.31,3.74,56796,69220,61036,-17222,-4798,-23094
1183851,140670,36999,23558,36999,4975,2097,3422,1,3.80,5.97,8.42,60557,41974,5519,-13441,-32024,1325
715856,502940,36963,22852,36963,9466,2211,246055,1,13.61,22.01,1.42,59815,46429,248266,-14111,-27497,243844
220395,43748,36801,16042,36801,12332,10285,956,0,1.19,2.73,5.04,52843,49133,11241,-20759,-24469,-9329
835212,394675,36778,57577,36778,18501,7083,633189,1,10.73,6.85,2.12,94355,55279,640272,20799,-18277,626106
1632027,208203,36770,75445,36770,88051,24984,332842,0,5.66,2.76,7.84,112215,124821,357826,38675,51281,307858
271043,46739,36670,25628,36670,6382,6098,50612,0,1.27,1.82,5.80,62298,43052,56710,-11042,-30288,44514
1123085,80216,36648,22585,36648,28249,21661,763761,1,2.19,3.55,14.00,59233,64897,785422,-14063,-8399,742100
1154703,317774,36627,57053,36627,64115,41270,32845,1,8.68,5.57,3.63,93680,100742,74115,20426,27488,-8425
1291806,216847,36623,51125,36623,18544,18210,23763,0,5.92,4.24,5.96,87748,55167,41973,14502,-18079,5553
764906,180762,36579,33419,36579,11126,7212,2012,0,4.94,5.41,4.23,69998,47705,9224,-3160,-25453,-5200
2613850,566242,167698,29454,36558,44265,13335,601241,0,3.38,19.22,4.62,197152,80823,614576,-138244,7707,587906
459124,113289,36557,50616,36557,26252,9272,61777,0,3.10,2.24,4.05,87173,62809,71049,14059,-10305,52505
463551,43700,36526,12618,36526,36339,15101,3635,0,1.20,3.46,10.61,49144,72865,18736,-23908,-187,-11466
177708,43680,36486,11174,36486,17067,5234,1526,0,1.20,3.91,4.07,47660,53553,6760,-25312,-19419,-3708
168147,45898,36365,20783,36365,7096,2592,631803,1,1.26,2.21,3.66,57148,43461,634395,-15582,-29269,629211
232213,630403,36351,56252,36351,137340,255820,92281,1,17.34,11.21,0.37,92603,173691,348101,19901,100989,-163539
420689,68505,36351,15316,36351,18214,10926,77571,0,1.88,4.47,6.14,51667,54565,88497,-21035,-18137,66645
160598,76696,36325,24660,36325,21402,8087,87825,0,2.11,3.11,2.09,60985,57727,95912,-11665,-14923,79738
6883,29151,36316,15011,36316,9019,5333,112276,1,0.80,1.94,0.24,51327,45335,117609,-21305,-27297,106943
187987,136059,36278,25407,36278,18136,9321,63223,0,3.75,5.36,1.38,61685,54414,72544,-10871,-18142,53902
892609,77699,36204,11433,36204,21546,4164,3805,0,2.15,6.80,11.49,47637,57750,7969,-24771,-14658,-359
1889060,469668,69575,42947,36156,23354,4025,470835,0,6.75,10.94,4.02,112522,59510,474860,-26628,-12802,466810
268463,119480,36122,22678,36122,19359,12981,94795,0,3.31,5.27,2.25,58800,55481,107776,-13444,-16763,81814
51104,105013,36061,7154,36061,5867,8138,588359,1,2.91,14.68,0.49,43215,41928,596497,-28907,-30194,580221
185273,42797,36036,7470,36036,21057,7182,104054,1,1.19,5.73,4.33,43506,57093,111236,-28566,-14979,96872
273093,147050,13913,20742,36035,27915,3191,731550,0,10.57,7.09,1.86,34655,63950,734741,6829,-8120,728359
1238785,154506,36017,20432,36017,4678,1351,262682,1,4.29,7.56,8.02,56449,40695,264033,-15585,-31339,261331
515109,189343,237601,19700,36016,49457,4026,844142,0,0.80,9.61,2.72,257301,85473,848168,-217901,13441,840116
1308037,54002,36005,67837,36005,37744,49571,9646,0,1.50,0.80,24.22,103842,73749,59217,31832,1739,-39925
177773,39579,35972,6313,35972,19510,7002,130533,0,1.10,6.27,4.49,42285,55482,137535,-29659,-16462,123531
876033,44907,35873,8746,35873,6193,3602,4463,0,1.25,5.13,19.51,44619,42066,8065,-27127,-29680,861
77898,39859,35831,22024,35831,4172,4835,34934,1,1.11,1.81,1.95,57855,40003,39769,-13807,-31659,30099
32343,6540,35796,12253,35796,3441,3597,38578,1,0.18,0.53,4.95,48049,39237,42175,-23543,-32355,34981
241229,32257,35791,32585,35791,21017,15300,67334,1,0.90,0.99,7.48,68376,56808,82634,-3206,-14774,52034
1318772,406419,134926,49603,35749,19711,11000,353506,0,3.01,8.19,3.24,184529,55460,364506,-85323,-16038,342506
128825,110984,35739,2796,35739,16667,8222,4754,0,3.11,39.69,1.16,38535,52406,12976,-32943,-19072,-3468
1601956,684451,35720,67312,35720,51059,48014,84811,1,19.16,10.17,2.34,103032,86779,132825,31592,15339,36797
1786743,309965,5955,14355,35694,12431,9496,443482,0,52.05,21.59,5.76,20310,48125,452978,8400,-23263,433986
960918,710689,143339,116320,35547,110338,17802,1675534,0,4.96,6.11,1.35,259659,145885,1693336,-27019,74791,1657732
1078770,162909,35532,57687,35532,12665,7059,655404,1,4.58,2.82,6.62,93219,48197,662463,22155,-22867,648345
1478,29928,35500,19121,35500,10967,2687,51347,1,0.84,1.57,0.05,54621,46467,54034,-16379,-24533,48660
48383,37980,35494,34241,35494,16049,5886,5933,0,1.07,1.11,1.27,69735,51543,11819,-1253,-19445,47
1850694,15801,67564,18463,35467,20202,2962,427445,0,0.23,0.86,117.13,86027,55669,430407,-49101,-15265,424483
1157442,100385,35462,14302,35462,46870,16000,20268,1,2.83,7.02,11.53,49764,82332,36268,-21160,11408,4268
82705,36598,35385,50655,35385,6119,2268,2964,0,1.03,0.72,2.26,86040,41504,5232,15270,-29266,696
1366190,110223,35268,12686,35268,16333,7202,672782,1,3.13,8.69,12.39,47954,51601,679984,-22582,-18935,665580
1261116,584114,35251,29995,35251,16001,8690,751487,1,16.57,19.47,2.16,65246,51252,760177,-5256,-19250,742797
398042,393602,35244,14525,35244,13285,21767,528785,1,11.17,27.10,1.01,49769,48529,550552,-20719,-21959,507018
635242,35760,35187,8071,35187,4207,1237,125633,1,1.02,4.43,17.76,43258,39394,126870,-27116,-30980,124396
918601,59738,35181,49183,35181,17285,11144,329829,0,1.70,1.21,15.38,84364,52466,340973,14002,-17896,318685
536630,174520,35150,9828,35150,10043,8317,3596,0,4.97,17.76,3.07,44978,45193,11913,-25322,-25107,-4721
488212,160398,35142,33507,35142,11459,6469,12086,0,4.56,4.79,3.04,68649,46601,18555,-1635,-23683,5617
303361,28629,35129,7944,35129,3637,4241,3500,1,0.81,3.60,10.60,43073,38766,7741,-27185,-31492,-741
420925,33745,35068,4878,35068,1981,1142,63080,1,0.96,6.92,12.47,39946,37049,64222,-30190,-33087,61938
88676,175745,35064,10243,35064,25929,9167,27379,1,5.01,17.16,0.50,45307,60993,36546,-24821,-9135,18212
291155,12202,35061,35628,35061,26188,12732,40852,1,0.35,0.34,23.86,70689,61249,53584,567,-8873,28120
1268319,141741,35055,31922,35055,18938,7594,85290,0,4.04,4.44,8.95,66977,53993,92884,-3133,-16117,77696
414153,119877,34952,13215,34952,3492,1058,155566,1,3.43,9.07,3.45,48167,38444,156624,-21737,-31460,154508
286649,128906,34948,18605,34948,17753,13587,169219,0,3.69,6.93,2.22,53553,52701,182806,-16343,-17195,155632
680496,36092,34940,14962,34940,4186,5548,170847,1,1.03,2.41,18.85,49902,39126,176395,-19978,-30754,165299
1259678,346946,34938,70355,34938,104387,48992,42665,1,9.93,4.93,3.63,105293,139325,91657,35417,69449,-6327
44048,19378,34932,15917,34932,7714,2473,2324,1,0.55,1.22,2.27,50849,42646,4797,-19015,-27218,-149
609562,51086,34904,9504,34904,13459,5196,9313,0,1.46,5.38,11.93,44408,48363,14509,-25400,-21445,4117
1742934,175272,35322,44835,34834,17214,1627,381845,0,4.96,3.91,9.94,80157,52048,383472,9513,-17620,380218
299162,94849,34800,20815,34800,9481,4647,119120,0,2.73,4.56,3.15,55615,44281,123767,-13985,-25319,114473
1445175,50139,49510,8527,34754,6057,3911,106603,0,1.01,5.88,28.82,58037,40811,110514,-40983,-28697,102692
508816,172303,117339,36761,34719,11804,6925,187416,0,1.47,4.69,2.95,154100,46523,194341,-80578,-22915,180491
1062288,69227,34703,20269,34703,12123,4084,589297,1,1.99,3.42,15.34,54972,46826,593381,-14434,-22580,585213
409968,236871,34677,27096,34677,16488,4159,3265,1,6.83,8.74,1.73,61773,51165,7424,-7581,-18189,-894
77818,82208,34664,10757,34664,10292,8648,722064,1,2.37,7.64,0.95,45421,44956,730712,-23907,-24372,713416
1863582,154622,34601,21994,34601,42125,23258,23785,1,4.47,7.03,12.05,56595,76726,47043,-12607,7524,527
1687669,61163,34593,3940,34593,2992,985,228531,1,1.77,15.52,27.59,38533,37585,229516,-30653,-31601,227546
985194,273929,34535,37910,34535,112994,30440,47451,0,7.93,7.23,3.60,72445,147529,77891,3375,78459,17011
27609,9794,34508,93631,34508,10560,3945,2008,0,0.28,0.10,2.82,128139,45068,5953,59123,-23948,-1937
1837440,273629,34458,21039,34458,15000,14494,433005,1,7.94,13.01,6.72,55497,49458,447499,-13419,-19458,418511
2807865,111609,34441,20027,34441,5772,2346,3028,0,3.24,5.57,25.16,54468,40213,5374,-14414,-28669,682
879697,636299,34422,34185,34422,31348,31800,23174,1,18.49,18.61,1.38,68607,65770,54974,-237,-3074,-8626
2015720,345522,34386,41788,34386,25680,14655,540469,1,10.05,8.27,5.83,76174,60066,555124,7402,-8706,525814
2239350,586482,34334,330377,34334,53530,55783,29740,0,17.08,1.78,3.82,364711,87864,85523,296043,19196,-26043
19834,61068,34317,11199,34317,10477,5821,8054,0,1.78,5.45,0.32,45516,44794,13875,-23118,-23840,2233
1365012,230577,34285,26530,34285,7538,10289,811903,1,6.73,8.69,5.92,60815,41823,822192,-7755,-26747,801614
675878,36648,34246,25468,34246,8684,5849,3598,0,1.07,1.44,18.44,59714,42930,9447,-8778,-25562,-2251
1858632,228646,34206,49319,34206,17825,10799,13524,1,6.68,4.64,8.13,83525,52031,24323,15113,-16381,2725
761856,221939,34192,45709,34192,16888,10328,61818,0,6.49,4.86,3.43,79901,51080,72146,11517,-17304,51490
417507,144204,34153,42653,34153,25625,23151,11164,0,4.22,3.38,2.90,76806,59778,34315,8500,-8528,-11987
1438171,127480,34127,19436,34127,15252,4255,3879,1,3.74,6.56,11.28,53563,49379,8134,-14691,-18875,-376
2042313,242532,14305,93402,34106,38485,2450,646938,0,16.95,2.60,8.42,107707,72591,649388,79097,4379,644488
264492,51122,34039,22709,34039,11326,11391,634038,1,1.50,2.25,5.17,56748,45365,645429,-11330,-22713,622647
10125,137772,34019,23603,34019,14127,2582,57088,1,4.05,5.84,0.07,57622,48146,59670,-10416,-19892,54506
822992,62635,34012,19805,34012,10655,10655,2265,0,1.84,3.16,13.14,53817,44667,12920,-14207,-23357,-8390
691339,124258,34004,13420,34004,7468,2089,200180,1,3.65,9.26,5.56,47424,41472,202269,-20584,-26536,198091
310382,46063,33991,9693,33991,6546,586,162614,1,1.36,4.75,6.74,43684,40537,163200,-24298,-27445,162028
842787,163780,33969,61365,33969,5718,3258,278398,1,4.82,2.67,5.15,95334,39687,281656,27396,-28251,275140
120454,57220,33947,10001,33947,7910,2467,655340,1,1.69,5.72,2.11,43948,41857,657807,-23946,-26037,652873
207763,81879,29750,44740,33741,14396,10943,67386,0,2.75,1.83,2.54,74490,48137,78329,14990,-19345,56443
550952,127603,47857,17841,33724,32908,5352,513701,0,2.67,7.15,4.32,65698,66632,519053,-30016,-816,508349
264875,44426,33720,42656,33720,8962,3584,2005,0,1.32,1.04,5.96,76376,42682,5589,8936,-24758,-1579
313617,46849,33698,47289,33698,21691,10931,712866,1,1.39,0.99,6.69,80987,55389,723797,13591,-12007,701935
1583892,98718,33687,11090,33687,18250,9056,6093,0,2.93,8.90,16.04,44777,51937,15149,-22597,-15437,-2963
912552,175065,33683,6298,33683,5047,2870,231546,1,5.20,27.80,5.21,39981,38730,234416,-27385,-28636,228676
512321,263714,33622,23120,33622,15966,7148,612215,1,7.84,11.41,1.94,56742,49588,619363,-10502,-17656,605067
1312732,174473,25086,127436,33547,22864,13869,953461,0,6.95,1.37,7.52,152522,56411,967330,102350,-10683,939592
901081,586397,195650,60249,33500,28263,22767,356974,0,3.00,9.73,1.54,255899,61763,379741,-135401,-5237,334207
1317709,277732,33499,13846,33499,35337,11729,6559,0,8.29,20.06,4.74,47345,68836,18288,-19653,1838,-5170
28787,37521,33485,36593,33485,4859,4607,117430,0,1.12,1.03,0.77,70078,38344,122037,3108,-28626,112823
136265,145066,33484,10201,33484,14907,6621,609725,1,4.33,14.22,0.94,43685,48391,616346,-23283,-18577,603104
1516617,64713,33455,67212,33455,11151,5840,3203,0,1.93,0.96,23.44,100667,44606,9043,33757,-22304,-2637
1495249,57119,33418,18746,33418,8522,6788,2052,0,1.71,3.05,26.18,52164,41940,8840,-14672,-24896,-4736
1818178,270696,131146,94777,33364,29282,14414,1474911,0,2.06,2.86,6.72,225923,62646,1489325,-36369,-4082,1460497
264926,12655,33315,40400,33315,3751,2980,1446,1,0.38,0.31,20.93,73715,37066,4426,7085,-29564,-1534
146316,10931,33274,13805,33274,7263,3955,2035,1,0.33,0.79,13.39,47079,40537,5990,-19469,-26011,-1920
572984,92958,33249,16112,33249,10894,4161,2700,1,2.80,5.77,6.16,49361,44143,6861,-17137,-22355,-1461
2007218,693508,33218,44393,33218,51875,24740,11969,0,20.88,15.62,2.89,77611,85093,36709,11175,18657,-12771
10304,47239,33158,47349,33158,16328,5298,5471,0,1.42,1.00,0.22,80507,49486,10769,14191,-16830,173
122565,53841,33126,20105,33126,4945,4236,5313,1,1.63,2.68,2.28,53231,38071,9549,-13021,-28181,1077
339940,22619,33101,16387,33101,5231,1189,80373,0,0.68,1.38,15.03,49488,38332,81562,-16714,-27870,79184
876824,355562,33069,34124,33069,23590,10055,300750,0,10.75,10.42,2.47,67193,56659,310805,1055,-9479,290695
224787,110248,33045,32561,33045,9681,5353,1363,0,3.34,3.39,2.04,65606,42726,6716,-484,-23364,-3990
233364,58268,32845,46376,32845,11892,24772,36953,0,1.77,1.26,4.01,79221,44737,61725,13531,-20953,12181
64514,7112,32826,1208,32826,4647,2653,1424,1,0.22,5.89,9.07,34034,37473,4077,-31618,-28179,-1229
14708,8527,32820,33454,32820,13884,10736,102832,1,0.26,0.25,1.72,66274,46704,113568,634,-18936,92096
2311030,299619,32789,17245,32789,12497,5355,615326,1,9.14,17.37,7.71,50034,45286,620681,-15544,-20292,609971
30601,12548,32781,4208,32781,9486,3626,62841,1,0.38,2.98,2.44,36989,42267,66467,-28573,-23295,59215
1157993,170290,51979,43907,32708,11935,22429,123309,0,3.28,3.88,6.80,95886,44643,145738,-8072,-20773,100880
255610,62546,32690,7045,32690,11216,7310,7197,0,1.91,8.88,4.09,39735,43906,14507,-25645,-21474,-113
400973,331544,32671,21447,32671,20836,15998,52405,0,10.15,15.46,1.21,54118,53507,68403,-11224,-11835,36407
620004,172853,32659,43905,32659,9546,8118,275368,0,5.29,3.94,3.59,76564,42205,283486,11246,-23113,267250
562240,71356,5179,45970,32653,4321,4988,60347,0,13.78,1.55,7.88,51149,36974,65335,40791,-28332,55359
322830,33883,58745,13392,32645,6780,6601,123463,0,0.58,2.53,9.53,72137,39425,130064,-45353,-25865,116862
315363,108041,32637,13384,32637,17765,20990,620810,1,3.31,8.07,2.92,46021,50402,641800,-19253,-14872,599820
740939,384410,50127,99334,32634,83766,8887,688551,0,7.67,3.87,1.93,149461,116400,697438,49207,51132,679664
1083648,359110,32592,77713,32592,15211,10849,811577,0,11.02,4.62,3.02,110305,47803,822426,45121,-17381,800728
10218,21720,32565,23337,32565,13685,7323,34662,1,0.67,0.93,0.47,55902,46250,41985,-9228,-18880,27339
863944,305247,32552,40922,32552,20115,10285,13868,1,9.38,7.46,2.83,73474,52667,24153,8370,-12437,3583
1122962,90868,32548,25356,32548,39372,1348,407310,0,2.79,3.58,12.36,57904,71920,408658,-7192,6824,405962
8396,7368,32500,5109,32500,13237,4191,2122,1,0.23,1.44,1.14,37609,45737,6313,-27391,-19263,-2069
2152826,268655,32487,22463,32487,30432,5342,5727,0,8.27,11.96,8.01,54950,62919,11069,-10024,-2055,385
976087,29429,32477,26174,32477,29062,4472,13977,0,0.91,1.12,33.17,58651,61539,18449,-6303,-3415,9505
646903,57841,32395,7043,32395,5077,5328,663712,0,1.79,8.21,11.18,39438,37472,669040,-25352,-27318,658384
758475,114737,41153,31470,32373,12446,8427,398525,0,2.79,3.65,6.61,72623,44819,406952,-9683,-19927,390098
927176,178712,32350,64657,32350,34072,6447,456253,0,5.52,2.76,5.19,97007,66422,462700,32307,1722,449806
338888,206228,32349,24781,32349,14874,3673,523366,1,6.38,8.32,1.64,57130,47223,527039,-7568,-17475,519693
532710,1153966,46275,4461,32335,49240,12010,855213,0,24.94,258.68,0.46,50736,81575,867223,-41814,16905,843203
523538,70161,32320,15490,32320,14673,11560,9098,0,2.17,4.53,7.46,47810,46993,20658,-16830,-17647,-2462
2559166,220997,77792,67284,32262,68119,3510,570033,0,2.84,3.28,11.58,145076,100381,573543,-10508,35857,566523
36661,45209,32250,14835,32250,7669,2181,1479,0,1.40,3.05,0.81,47085,39919,3660,-17415,-24581,-702
431528,229734,40425,15779,32247,7250,15736,672783,0,5.68,14.56,1.88,56204,39497,688519,-24646,-24997,657047
1189775,42621,32226,2516,32226,6204,2906,152836,1,1.32,16.94,27.92,34742,38430,155742,-29710,-26022,149930
40512,33206,32145,10301,32145,11679,14858,69087,1,1.03,3.22,1.22,42446,43824,83945,-21844,-20466,54229
1708371,537011,32118,60380,32118,19517,16735,780605,0,16.72,8.89,3.18,92498,51635,797340,28262,-12601,763870
1380565,324080,32047,45108,32047,102412,12236,91801,0,10.11,7.18,4.26,77155,134459,104037,13061,70365,79565
85179,104129,56705,38232,32035,10505,4085,54208,0,1.84,2.72,0.82,94937,42540,58293,-18473,-21530,50123
598780,386272,32000,31864,32000,24111,13301,620650,1,12.07,12.12,1.55,63864,56111,633951,-136,-7889,607349
15840,14732,31965,18361,31965,11322,5948,12950,1,0.46,0.80,1.08,50326,43287,18898,-13604,-20643,7002
1575099,151486,31954,33583,31954,17047,5509,7636,0,4.74,4.51,10.40,65537,49001,13145,1629,-14907,2127
302468,119825,31937,8394,31937,17318,6413,115076,0,3.75,14.28,2.52,40331,49255,121489,-23543,-14619,108663
1351751,101221,11684,35545,31863,9024,2355,180773,0,8.66,2.85,13.35,47229,40887,183128,23861,-22839,178418
907298,65274,14011,54192,31854,34296,11084,839170,0,4.66,1.20,13.90,68203,66150,850254,40181,2442,828086
1473533,233561,31845,38220,31845,52807,32605,11727,1,7.33,6.11,6.31,70065,84652,44332,6375,20962,-20878
238499,82946,31844,13740,31844,3843,6145,146535,1,2.60,6.04,2.88,45584,35687,152680,-18104,-28001,140390
10946,21153,31836,29959,31836,25142,18217,28312,1,0.66,0.71,0.52,61795,56978,46529,-1877,-6694,10095
249998,63244,31835,5088,31835,8984,1781,97745,0,1.99,12.43,3.95,36923,40819,99526,-26747,-22851,95964
1600152,491270,31741,188677,31741,29691,28445,27585,1,15.48,2.60,3.26,220418,61432,56030,156936,-2050,-860
1155273,101933,31739,34179,31739,16010,6028,144234,0,3.21,2.98,11.33,65918,47749,150262,2440,-15729,138206
9345,6851,31733,22811,31733,3722,2566,64070,1,0.22,0.30,1.36,54544,35455,66636,-8922,-28011,61504
574097,499907,26299,48050,31670,7404,15330,286562,0,19.01,10.40,1.15,74349,39074,301892,21751,-24266,271232
1669198,258406,31654,46792,31654,44878,12117,422301,0,8.16,5.52,6.46,78446,76532,434418,15138,13224,410184
319388,9101,31573,11162,31573,8074,10417,5486,0,0.29,0.82,35.09,42735,39647,15903,-20411,-23499,-4931
3598743,223352,31552,93179,31552,28184,11670,17143,0,7.08,2.40,16.11,124731,59736,28813,61627,-3368,5473
453497,125640,31508,18069,31508,4695,4609,601350,1,3.99,6.95,3.61,49577,36203,605959,-13439,-26813,596741
545816,234806,31507,5699,31507,38039,9530,18203,1,7.45,41.20,2.32,37206,69546,27733,-25808,6532,8673
746102,116567,31504,2693,31504,34790,1335,553124,1,3.70,43.29,6.40,34197,66294,554459,-28811,3286,551789
596445,519410,31461,82724,31461,28883,11792,736190,0,16.51,6.28,1.15,114185,60344,747982,51263,-2578,724398
164482,55149,31434,15048,31434,5934,19664,591562,1,1.75,3.66,2.98,46482,37368,611226,-16386,-25500,571898
612405,421861,31412,21927,31412,21666,32457,15616,1,13.43,19.24,1.45,53339,53078,48073,-9485,-9746,-16841
1612716,103660,31374,21175,31374,18074,34493,29485,1,3.30,4.90,15.56,52549,49448,63978,-10199,-13300,-5008
12999,37444,31313,14346,31313,11020,2335,44820,1,1.20,2.61,0.35,45659,42333,47155,-16967,-20293,42485
293937,42173,31304,43347,31304,10271,6024,2529,0,1.35,0.97,6.97,74651,41575,8553,12043,-21033,-3495
87090,30004,31283,5141,31283,4291,1190,62362,1,0.96,5.84,2.90,36424,35574,63552,-26142,-26992,61172
618104,259021,22609,50115,31242,41908,5022,455332,0,11.46,5.17,2.39,72724,73150,460354,27506,10666,450310
719950,286472,31190,14077,31190,14241,9547,121473,0,9.18,20.35,2.51,45267,45431,131020,-17113,-16949,111926
37416,127829,31187,14506,31187,13130,5249,27336,1,4.10,8.81,0.29,45693,44317,32585,-16681,-18057,22087
399332,168954,31178,21940,31178,10992,14402,4964,0,5.42,7.70,2.36,53118,42170,19366,-9238,-20186,-9438
216,22332,31173,26380,31173,14201,7538,146577,1,0.72,0.85,0.01,57553,45374,154115,-4793,-16972,139039
394266,201917,31148,4827,31148,6590,5762,4320,0,6.48,41.83,1.95,35975,37738,10082,-26321,-24558,-1442
779161,102137,111954,31876,31136,17564,16553,154951,0,0.91,3.20,7.63,143830,48700,171504,-80078,-13572,138398
245291,46286,31020,10689,31020,9380,2213,1256,1,1.49,4.33,5.30,41709,40400,3469,-20331,-21640,-957
355545,186488,59362,22209,30999,16631,3424,443680,0,3.14,8.40,1.91,81571,47630,447104,-37153,-14368,440256
511251,69631,30996,14325,30996,5138,3274,201169,1,2.25,4.86,7.34,45321,36134,204443,-16671,-25858,197895
356512,179145,30974,22229,30974,20910,8061,7120,0,5.78,8.06,1.99,53203,51884,15181,-8745,-10064,-941
122048,71140,30955,27334,30955,4782,2105,3025,1,2.30,2.60,1.72,58289,35737,5130,-3621,-26173,920
2020630,142925,30896,17343,30896,13436,11359,11931,0,4.63,8.24,14.14,48239,44332,23290,-13553,-17460,572
122849,87723,30885,30013,30885,16812,14300,124742,0,2.84,2.92,1.40,60898,47697,139042,-872,-14073,110442
432240,96851,30847,8672,30847,3947,2503,139074,0,3.14,11.17,4.46,39519,34794,141577,-22175,-26900,136571
139458,43488,30831,21332,30831,7684,2121,2230,0,1.41,2.04,3.21,52163,38515,4351,-9499,-23147,109
826758,49325,30758,12329,30758,3760,4888,186714,1,1.60,4.00,16.76,43087,34518,191602,-18429,-26998,181826
894843,159700,30751,12135,30751,9387,7781,1949,0,5.19,13.16,5.60,42886,40138,9730,-18616,-21364,-5832
624594,198552,22747,49090,30550,22031,1154,437704,0,8.73,4.04,3.15,71837,52581,438858,26343,-8519,436550
80883,22082,30543,8638,30543,7441,4695,692483,1,0.72,2.56,3.66,39181,37984,697178,-21905,-23102,687788
48088,51523,30533,34835,30533,10681,6849,80933,0,1.69,1.48,0.93,65368,41214,87782,4302,-19852,74084
1595307,160674,30521,111532,30521,32665,3461,434872,0,5.26,1.44,9.93,142053,63186,438333,81011,2144,431411
1755948,322597,30445,27917,30445,15853,19996,31514,1,10.60,11.56,5.44,58362,46298,51510,-2528,-14592,11518
422730,84556,30440,13365,30440,10169,5435,7285,1,2.78,6.33,5.00,43805,40609,12720,-17075,-20271,1850
984219,128820,30439,42052,30439,4804,2372,236751,1,4.23,3.06,7.64,72491,35243,239123,11613,-25635,234379
777655,112526,30414,29947,30414,35065,4814,444669,0,3.70,3.76,6.91,60361,65479,449483,-467,4651,439855
1900078,117220,30408,14748,30408,8448,2012,733183,1,3.85,7.95,16.21,45156,38856,735195,-15660,-21960,731171
938163,92891,9643,16718,30394,5793,1614,334494,0,9.63,5.56,10.10,26361,36187,336108,7075,-24601,332880
145068,115288,30390,22957,30390,5363,3402,1520,0,3.79,5.02,1.26,53347,35753,4922,-7433,-25027,-1882
5970,40797,30383,23003,30383,9229,2467,46970,1,1.34,1.77,0.15,53386,39612,49437,-7380,-21154,44503
813625,877028,30378,37032,30378,19420,9014,652096,1,28.87,23.68,0.93,67410,49798,661110,6654,-10958,643082
219307,147741,30362,40851,30362,11543,5786,774539,1,4.87,3.62,1.48,71213,41905,780325,10489,-18819,768753
68889,54952,30337,52610,30337,31394,14555,3411,0,1.81,1.04,1.25,82947,61731,17966,22273,1057,-11144
1961871,170150,30265,43249,30265,41573,11446,344130,0,5.62,3.93,11.53,73514,71838,355576,12984,11308,332684
520343,67550,30246,21005,30246,13552,18117,72516,0,2.23,3.22,7.70,51251,43798,90633,-9241,-16694,54399
441939,125260,30244,54345,30244,9459,12741,716274,1,4.14,2.30,3.53,84589,39703,729015,24101,-20785,703533
118794,56912,30228,21840,30228,6622,3017,4947,1,1.88,2.61,2.09,52068,36850,7964,-8388,-23606,1930
109524,56496,30218,73694,30218,3763,5086,1788,0,1.87,0.77,1.94,103912,33981,6874,43476,-26455,-3298
237523,199800,30209,22897,30209,20668,10065,727996,1,6.61,8.73,1.19,53106,50877,738061,-7312,-9541,717931
284504,279236,30162,2734,30162,13935,10076,180292,1,9.26,102.13,1.02,32896,44097,190368,-27428,-16227,170216
672210,249032,30152,165257,30152,33766,8096,574246,0,8.26,1.51,2.70,195409,63918,582342,135105,3614,566150
153248,75058,30123,48251,30123,6984,8297,667422,1,2.49,1.56,2.04,78374,37107,675719,18128,-23139,659125
795846,87466,30113,24623,30113,7073,6205,762262,1,2.90,3.55,9.10,54736,37186,768467,-5490,-23040,756057
2323552,40621,30078,12393,30078,5540,2841,178962,0,1.35,3.28,57.20,42471,35618,181803,-17685,-24538,176121
501305,73289,30047,16934,30047,30761,31614,49234,0,2.44,4.33,6.84,46981,60808,80848,-13113,714,17620
655,30627,30008,28317,30008,13477,2372,69106,1,1.02,1.08,0.02,58325,43485,71478,-1691,-16531,66734
469958,34870,6733,6399,29986,13551,3187,2838,0,5.18,5.45,13.48,13132,43537,6025,-334,-16435,-349
9972,9575,29978,8588,29978,13417,5439,74168,1,0.32,1.11,1.04,38566,43395,79607,-21390,-16561,68729
536414,102449,29956,33195,29956,38097,17929,80666,0,3.42,3.09,5.24,63151,68053,98595,3239,8141,62737
2188769,57039,4278,26786,29932,10515,3633,174372,0,13.33,2.13,38.37,31064,40447,178005,22508,-19417,170739
161179,40623,29932,11834,29932,13821,4506,50541,0,1.36,3.43,3.97,41766,43753,55047,-18098,-16111,46035
26945,74357,29914,5509,29914,9277,3783,67143,1,2.49,13.50,0.36,35423,39191,70926,-24405,-20637,63360
247980,99167,29896,4347,29896,3286,1623,3391,0,3.32,22.81,2.50,34243,33182,5014,-25549,-26610,1768
1028830,66815,29842,19373,29842,15252,6862,10763,1,2.24,3.45,15.40,49215,45094,17625,-10469,-14590,3901
177085,39621,29817,8586,29817,7439,4847,740057,1,1.33,4.61,4.47,38403,37256,744904,-21231,-22378,735210
742381,392429,80446,70676,29803,68080,17886,860551,0,4.88,5.55,1.89,151122,97883,878437,-9770,38277,842665
753198,213444,11472,18915,29801,18811,12454,186393,0,18.61,11.28,3.53,30387,48612,198847,7443,-10990,173939
1410485,78757,87364,17489,29763,13179,3689,507959,0,0.90,4.50,17.91,104853,42942,511648,-69875,-16584,504270
820331,98057,72660,145418,29752,40907,16848,716945,0,1.35,0.67,8.37,218078,70659,733793,72758,11155,700097
28235,35687,29741,29058,29741,10951,1237,19008,1,1.20,1.23,0.79,58799,40692,20245,-683,-18790,17771
9295,23976,29719,3769,29719,40916,11365,94094,1,0.81,6.36,0.39,33488,70635,105459,-25950,11197,82729
421011,91746,29696,9903,29696,6355,3050,4185,0,3.09,9.26,4.59,39599,36051,7235,-19793,-23341,1135
704855,390146,17644,17818,29688,134774,10168,376519,0,22.11,21.90,1.81,35462,164462,386687,174,105086,366351
1749125,627384,29677,14192,29677,18939,2361,494954,1,21.14,44.21,2.79,43869,48616,497315,-15485,-10738,492593
131138,171729,29669,13342,29669,13961,4345,663433,1,5.79,12.87,0.76,43011,43630,667778,-16327,-15708,659088
413991,29018,29661,3742,29661,20599,15253,94567,0,0.98,7.75,14.27,33403,50260,109820,-25919,-9062,79314
12618,7702,29611,6936,29611,4754,4545,47325,1,0.26,1.11,1.64,36547,34365,51870,-22675,-24857,42780
642291,15907,29609,5266,29609,11643,1459,61079,0,0.54,3.02,40.38,34875,41252,62538,-24343,-17966,59620
2083174,104495,60563,114665,29523,8184,7589,483180,0,1.73,0.91,19.94,175228,37707,490769,54102,-21339,475591
344485,90217,29502,4979,29502,6743,12697,695840,1,3.06,18.12,3.82,34481,36245,708537,-24523,-22759,683143
39028,16802,29439,5844,29439,10984,10008,178758,0,0.57,2.88,2.32,35283,40423,188766,-23595,-18455,168750
245767,103537,29433,43219,29433,22709,8167,268833,0,3.52,2.40,2.37,72652,52142,277000,13786,-6724,260666
81104,40632,29432,3880,29432,4756,4256,2017,0,1.38,10.47,2.00,33312,34188,6273,-25552,-24676,-2239
5828,37952,29421,22909,29421,11457,2404,172631,1,1.29,1.66,0.15,52330,40878,175035,-6512,-17964,170227
901307,91598,29420,6888,29420,4687,5770,66699,0,3.11,13.30,9.84,36308,34107,72469,-22532,-24733,60929
452936,81501,76975,13302,29407,3541,3628,56793,0,1.06,6.13,5.56,90277,32948,60421,-63673,-25866,53165
152384,17864,29365,22506,29365,22475,38564,21315,1,0.61,0.79,8.53,51871,51840,59879,-6859,-6890,-17249
488097,60046,29355,26579,29355,9441,5504,3765,0,2.05,2.26,8.13,55934,38796,9269,-2776,-19914,-1739
1056705,393643,86723,33741,29346,57248,4224,768642,0,4.54,11.67,2.68,120464,86594,772866,-52982,27902,764418
824929,104274,29338,6073,29338,7990,6542,2858,0,3.55,17.17,7.91,35411,37328,9400,-23265,-21348,-3684
910528,106675,29257,25506,29257,11144,10966,293419,0,3.65,4.18,8.54,54763,40401,304385,-3751,-18113,282453
1310405,496613,29241,27665,29241,44118,36922,16975,0,16.98,17.95,2.64,56906,73359,53897,-1576,14877,-19947
215265,34391,29238,12068,29238,15998,13591,68663,0,1.18,2.85,6.26,41306,45236,82254,-17170,-13240,55072
5246,34663,29135,24499,29135,31366,3553,29439,1,1.19,1.41,0.15,53634,60501,32992,-4636,2231,25886
529938,714762,29127,22912,29127,23584,11218,124087,1,24.54,31.20,0.74,52039,52711,135305,-6215,-5543,112869
2051971,235473,29092,97046,29092,14701,3347,3406,0,8.09,2.43,8.71,126138,43793,6753,67954,-14391,59
532025,24976,29087,8353,29087,10154,6200,638745,1,0.86,2.99,21.30,37440,39241,644945,-20734,-18933,632545
446948,57629,29038,14054,29038,6646,3068,181963,1,1.98,4.10,7.76,43092,35684,185031,-14984,-22392,178895
17757,36913,28925,10155,28925,6305,2834,51428,1,1.28,3.63,0.48,39080,35230,54262,-18770,-22620,48594
695868,142577,28901,18032,28901,18099,4950,570117,0,4.93,7.91,4.88,46933,47000,575067,-10869,-10802,565167
234389,41766,28885,30747,28885,5712,3497,1912,1,1.45,1.36,5.61,59632,34597,5409,1862,-23173,-1585
18255,34685,28860,11809,28860,4579,4100,2314,1,1.20,2.94,0.53,40669,33439,6414,-17051,-24281,-1786
630158,232134,28855,26796,28855,94089,1924,893585,0,8.04,8.66,2.71,55651,122944,895509,-2059,65234,891661
10701,76147,28833,29284,28833,11725,6533,740770,1,2.64,2.60,0.14,58117,40558,747303,451,-17108,734237
1007050,83597,28818,34670,28818,11327,4457,10742,0,2.90,2.41,12.05,63488,40145,15199,5852,-17491,6285
8058,5874,28808,27386,28808,24593,8024,161734,1,0.20,0.21,1.37,56194,53401,169758,-1422,-4215,153710
1068899,486730,92539,92234,28761,160898,11470,1015045,0,5.26,5.28,2.20,184773,189659,1026515,-305,132137,1003575
207380,198596,28722,4774,28722,4421,2760,2232,0,6.91,41.60,1.04,33496,33143,4992,-23948,-24301,-528
456190,50730,34949,6311,28678,20150,3094,448589,0,1.45,8.04,8.99,41260,48828,451683,-28638,-8528,445495
30302,28803,28678,4658,28678,2122,4716,41868,1,1.00,6.18,1.05,33336,30800,46584,-24020,-26556,37152
2493517,194211,66840,68020,28677,24442,4107,383008,0,2.91,2.86,12.84,134860,53119,387115,1180,-4235,378901
300042,253020,28646,13668,28646,13187,6498,734814,1,8.83,18.51,1.19,42314,41833,741312,-14978,-15459,728316
67063,53009,28593,43035,28593,4975,6515,1268,0,1.85,1.23,1.27,71628,33568,7783,14442,-23618,-5247
87800,65958,21841,16898,28591,6780,3656,454833,0,3.02,3.90,1.33,38739,35371,458489,-4943,-21811,451177
5596,54420,28563,2281,28563,6926,4542,34153,1,1.91,23.86,0.10,30844,35489,38695,-26282,-21637,29611
1640922,92852,12731,52955,28523,16772,11290,74233,0,7.29,1.75,17.67,65686,45295,85523,40224,-11751,62943
274259,104009,28513,37515,28513,26183,10039,2756,0,3.65,2.77,2.64,66028,54696,12795,9002,-2330,-7283
51807,52385,28507,12373,28507,10741,9552,121374,0,1.84,4.23,0.99,40880,39248,130926,-16134,-17766,111822
48238,26664,28455,20410,28455,12111,7379,109493,0,0.94,1.31,1.81,48865,40566,116872,-8045,-16344,102114
353610,23463,28437,13465,28437,6357,1249,148874,1,0.83,1.74,15.07,41902,34794,150123,-14972,-22080,147625
1705023,164263,28426,17975,28426,12584,6104,2433,0,5.78,9.14,10.38,46401,41010,8537,-10451,-15842,-3671
524022,80884,28409,6381,28409,15180,3734,168305,0,2.85,12.68,6.48,34790,43589,172039,-22028,-13229,164571
1740559,232950,52234,10705,28361,41448,2521,902303,0,4.46,21.76,7.47,62939,69809,904824,-41529,13087,899782
451552,196647,97682,13480,28354,7366,5608,456598,0,2.01,14.59,2.30,111162,35720,462206,-84202,-20988,450990
172529,75551,28343,10055,28343,12784,5653,6225,1,2.67,7.51,2.28,38398,41127,11878,-18288,-15559,572
1601411,648185,152786,31949,28339,9686,26122,837646,0,4.24,20.29,2.47,184735,38025,863768,-120837,-18653,811524
661270,144750,28320,7774,28320,9599,6606,584733,1,5.11,18.62,4.57,36094,37919,591339,-20546,-18721,578127
315182,72768,28264,2408,28264,6537,2743,1863,0,2.57,30.22,4.33,30672,34801,4606,-25856,-21727,-880
9613,13258,28234,14587,28234,21436,6665,77729,1,0.47,0.91,0.73,42821,49670,84394,-13647,-6798,71064
7172,7250,28193,10310,28193,25601,3135,18532,1,0.26,0.70,0.99,38503,53794,21667,-17883,-2592,15397
531106,21995,28192,14860,28192,16745,6256,24055,1,0.78,1.48,24.15,43052,44937,30311,-13332,-11447,17799
42545,19843,28168,29408,28168,4312,4867,1709,0,0.70,0.67,2.14,57576,32480,6576,1240,-23856,-3158
1823690,102583,28142,6592,28142,6732,1568,203536,1,3.65,15.56,17.78,34734,34874,205104,-21550,-21410,201968
68809,95073,28095,13513,28095,10259,4981,2169,0,3.38,7.04,0.72,41608,38354,7150,-14582,-17836,-2812
1585945,71319,28047,6494,28047,2930,1375,1216,1,2.54,10.98,22.24,34541,30977,2591,-21553,-25117,-159
64103,25146,28038,6274,28038,10256,6775,5568,1,0.90,4.01,2.55,34312,38294,12343,-21764,-17782,-1207
1138534,170822,27890,16873,27890,9667,4843,3981,0,6.12,10.12,6.67,44763,37557,8824,-11017,-18223,-862
608121,227839,27881,58035,27881,13976,15289,152718,0,8.17,3.93,2.67,85916,41857,168007,30154,-13905,137429
540998,151075,27878,9522,27878,9894,21467,567528,1,5.42,15.87,3.58,37400,37772,588995,-18356,-17984,546061
1095195,345559,90534,23232,27855,247245,7541,1080373,0,3.82,14.87,3.17,113766,275100,1087914,-67302,219390,1072832
2870588,273955,27851,38767,27851,6365,3344,213695,1,9.84,7.07,10.48,66618,34216,217039,10916,-21486,210351
901500,441687,27838,255182,27838,73740,1810,653274,0,15.87,1.73,2.04,283020,101578,655084,227344,45902,651464
453138,17889,27762,31955,27762,11128,13287,184136,1,0.64,0.56,25.33,59717,38890,197423,4193,-16634,170849
2681895,89850,27741,59219,27741,16126,3598,694223,1,3.24,1.52,29.85,86960,43867,697821,31478,-11615,690625
115554,31657,34259,18940,27730,12228,1633,47998,0,0.92,1.67,3.65,53199,39958,49631,-15319,-15502,46365
218176,115728,5116,11858,27711,16195,7609,416847,0,22.62,9.76,1.89,16974,43906,424456,6742,-11516,409238
5384,11114,27674,13889,27674,21956,10443,37338,1,0.40,0.80,0.48,41563,49630,47781,-13785,-5718,26895
327622,130835,15914,24597,27662,6472,5524,108229,0,8.22,5.32,2.50,40511,34134,113753,8683,-21190,102705
430800,75126,27650,14381,27650,5431,6525,3026,1,2.72,5.22,5.73,42031,33081,9551,-13269,-22219,-3499
8229,27244,27621,10094,27621,2931,6003,166342,1,0.99,2.70,0.30,37715,30552,172345,-17527,-24690,160339
793860,37882,27608,36922,27608,10086,11563,7141,1,1.37,1.03,20.96,64530,37694,18704,9314,-17522,-4422
225581,234723,27605,40097,27605,37814,22749,538176,1,8.50,5.85,0.96,67702,65419,560925,12492,10209,515427
34777,32302,27489,16941,27489,6006,3139,5941,0,1.18,1.91,1.08,44430,33495,9080,-10548,-21483,2802
1256087,115433,27464,6505,27464,21451,6768,560412,1,4.20,17.75,10.88,33969,48915,567180,-20959,-6013,553644
151585,196553,27460,35399,27460,10088,3958,677329,1,7.16,5.55,0.77,62859,37548,681287,7939,-17372,673371
342054,85522,27427,33273,27427,34684,44422,35746,1,3.12,2.57,4.00,60700,62111,80168,5846,7257,-8676
197014,23481,27387,8854,27387,2032,3022,365,0,0.86,2.65,8.39,36241,29419,3387,-18533,-25355,-2657
1677633,70839,27631,33373,27366,21083,25918,67790,0,2.56,2.12,23.68,61004,48449,93708,5742,-6283,41872
25200,24985,27346,12037,27346,13825,7563,4101,0,0.91,2.08,1.01,39383,41171,11664,-15309,-13521,-3462
683390,52432,27284,28606,27284,7076,2916,2645,1,1.92,1.83,13.03,55890,34360,5561,1322,-20208,-271
363485,278361,27263,38334,27263,33786,22220,29631,0,10.21,7.26,1.31,65597,61049,51851,11071,6523,7411
503957,64200,27248,15920,27248,10128,5114,1862,0,2.36,4.03,7.85,43168,37376,6976,-11328,-17120,-3252
22473,7899,27204,24642,27204,7238,3676,115158,0,0.29,0.32,2.85,51846,34442,118834,-2562,-19966,111482
2009522,83459,70119,26336,27197,20146,19541,204582,0,1.19,3.17,24.08,96455,47343,224123,-43783,-7051,185041
65033,7562,27156,17305,27156,4717,4000,1605,0,0.28,0.44,8.60,44461,31873,5605,-9851,-22439,-2395
1760337,44608,105310,18777,27143,13097,3618,393351,0,0.42,2.38,39.46,124087,40240,396969,-86533,-14046,389733
2189774,251189,27131,32135,27131,38246,45684,26086,0,9.26,7.82,8.72,59266,65377,71770,5004,11115,-19598
907751,79606,7234,45006,27116,3771,5026,170744,0,11.00,1.77,11.40,52240,30887,175770,37772,-23345,165718
32924,34622,27091,76585,27091,4712,3888,2357,0,1.28,0.45,0.95,103676,31803,6245,49494,-22379,-1531
342186,235383,27013,65398,27013,31296,13978,6852,0,8.71,3.60,1.45,92411,58309,20830,38385,4283,-7126
1256276,13870,27004,18514,27004,9106,2150,133796,1,0.51,0.75,90.58,45518,36110,135946,-8490,-17898,131646
360464,791466,26989,116210,26989,154079,5094,1114246,1,29.33,6.81,0.46,143199,181068,1119340,89221,127090,1109152
560215,142509,43523,20276,26983,98416,5408,428587,0,3.27,7.03,3.93,63799,125399,433995,-23247,71433,423179
158728,40672,26949,10897,26949,1335,865,221545,1,1.51,3.73,3.90,37846,28284,222410,-16052,-25614,220680
803172,41945,26918,5129,26918,3880,968,1788,0,1.56,8.18,19.15,32047,30798,2756,-21789,-23038,820
283071,262496,26840,5859,26840,16302,1470,278489,0,9.78,44.80,1.08,32699,43142,279959,-20981,-10538,277019
1054971,139940,26837,30802,26837,12378,7129,4238,0,5.21,4.54,7.54,57639,39215,11367,3965,-14459,-2891
1743810,70506,26826,13892,26826,13862,3887,7213,0,2.63,5.08,24.73,40718,40688,11100,-12934,-12964,3326
408848,367182,26793,66022,26793,29356,7095,59468,0,13.70,5.56,1.11,92815,56149,66563,39229,2563,52373
170013,55666,26742,23722,26742,4728,2905,69310,1,2.08,2.35,3.05,50464,31470,72215,-3020,-22014,66405
285469,136373,26720,12239,26720,23230,4575,551911,1,5.10,11.14,2.09,38959,49950,556486,-14481,-3490,547336
1350845,183994,26690,30457,26690,13918,6222,580984,1,6.89,6.04,7.34,57147,40608,587206,3767,-12772,574762
19420,23492,26644,11491,26644,9120,2106,145806,1,0.88,2.04,0.83,38135,35764,147912,-15153,-17524,143700
532143,63724,26606,17202,26606,26652,13903,101577,0,2.40,3.70,8.35,43808,53258,115480,-9404,46,87674
653863,431430,26601,60339,26601,25706,1562,121440,0,16.22,7.15,1.52,86940,52307,123002,33738,-895,119878
1508936,117080,13788,39342,26597,8875,3848,315433,0,8.49,2.98,12.89,53130,35472,319281,25554,-17722,311585
960462,277180,26575,27356,26575,13056,9126,2683,0,10.43,10.13,3.47,53931,39631,11809,781,-13519,-6443
925955,347786,58114,75219,26574,44794,34496,475054,0,5.98,4.62,2.66,133333,71368,509550,17105,18220,440558
1442127,75441,26567,20900,26567,7529,822,240765,1,2.84,3.61,19.12,47467,34096,241587,-5667,-19038,239943
332458,83165,26519,4420,26519,9563,945,122424,1,3.14,18.82,4.00,30939,36082,123369,-22099,-16956,121479
898800,123621,26508,39354,26508,9252,4439,2945,0,4.66,3.14,7.27,65862,35760,7384,12846,-17256,-1494
831600,88411,26492,35317,26492,27642,1525,674130,1,3.34,2.50,9.41,61809,54134,675655,8825,1150,672605
46350,13872,26492,20859,26492,7331,6554,84835,0,0.52,0.67,3.34,47351,33823,91389,-5633,-19161,78281
640199,51968,28811,37625,26449,33431,18168,12109,0,1.80,1.38,12.32,66436,59880,30277,8814,6982,-6059
1848654,180944,13106,21775,26356,25349,1966,437908,0,13.81,8.31,10.22,34881,51705,439874,8669,-1007,435942
708696,94862,26346,11113,26346,26301,21620,593537,1,3.60,8.54,7.47,37459,52647,615157,-15233,-45,571917
604971,153084,26257,25372,26257,13662,3320,208747,1,5.83,6.03,3.95,51629,39919,212067,-885,-12595,205427
383169,122539,50757,60384,26247,8365,2486,335478,0,2.41,2.03,3.13,111141,34612,337964,9627,-17882,332992
772662,784070,26240,37249,26240,8351,20084,718323,1,29.88,21.05,0.99,63489,34591,738407,11009,-17889,698239
53051,72298,26184,25408,26184,28619,9711,6446,0,2.76,2.85,0.73,51592,54803,16157,-776,2435,-3265
1187129,136800,10951,46863,26182,8316,5672,300197,0,12.49,2.92,8.68,57814,34498,305869,35912,-17866,294525
198110,62022,17017,15044,26177,9432,9916,30449,0,3.64,4.12,3.19,32061,35609,40365,-1973,-16745,20533
134498,63941,26139,13514,26139,36194,32721,11501,0,2.45,4.73,2.10,39653,62333,44222,-12625,10055,-21220
1089937,16065,26130,24100,26130,24635,2474,536167,1,0.61,0.67,67.85,50230,50765,538641,-2030,-1495,533693
14708,17632,26102,89692,26102,2939,1650,1383,1,0.68,0.20,0.83,115794,29041,3033,63590,-23163,-267
2544,34209,26076,6412,26076,12424,2097,76523,1,1.31,5.34,0.07,32488,38500,78620,-19664,-13652,74426
477572,117159,26071,51081,26071,21437,9388,4614,0,4.49,2.29,4.08,77152,47508,14002,25010,-4634,-4774
24223,13617,26038,9401,26038,3243,3642,24873,1,0.52,1.45,1.78,35439,29281,28515,-16637,-22795,21231
1342164,209439,124014,16718,26024,10278,5580,512327,0,1.69,12.53,6.41,140732,36302,517907,-107296,-15746,506747
72976,13158,26020,16260,26020,93067,20359,27613,1,0.51,0.81,5.55,42280,119087,47972,-9760,67047,7254
6147,13037,26007,10380,26007,8681,6744,26901,1,0.50,1.26,0.47,36387,34688,33645,-15627,-17326,20157
186467,151422,26005,18464,26005,13947,16561,8180,1,5.82,8.20,1.23,44469,39952,24741,-7541,-12058,-8381
11687,86180,26004,13409,26004,19597,6328,57198,1,3.31,6.43,0.14,39413,45601,63526,-12595,-6407,50870
19196,34616,25994,20716,25994,19844,7151,8389,0,1.33,1.67,0.55,46710,45838,15540,-5278,-6150,1238
1428861,66401,25972,43443,25972,7420,2045,1111,0,2.56,1.53,21.52,69415,33392,3156,17471,-18552,-934
1099950,113559,25924,22627,25924,13006,18976,13294,0,4.38,5.02,9.69,48551,38930,32270,-3297,-12918,-5682
544411,37112,110707,32277,25906,61529,6633,715425,0,0.34,1.15,14.67,142984,87435,722058,-78430,35623,708792
439346,168187,25860,8172,25860,12840,9620,94145,0,6.50,20.58,2.61,34032,38700,103765,-17688,-13020,84525
604612,151485,25850,15036,25850,59756,11516,25764,1,5.86,10.07,3.99,40886,85606,37280,-10814,33906,14248
281785,137345,25826,8164,25826,19889,9144,12023,0,5.32,16.82,2.05,33990,45715,21167,-17662,-5937,2879
640274,149000,25804,9325,25804,6041,1973,202140,1,5.77,15.98,4.30,35129,31845,204113,-16479,-19763,200167
1603171,35927,7140,30578,25704,7261,9561,197426,0,5.03,1.17,44.62,37718,32965,206987,23438,-18443,187865
52148,73584,25684,37165,25684,10190,7670,2135,1,2.86,1.98,0.71,62849,35874,9805,11481,-15494,-5535
1405919,49588,25589,22315,25589,6367,10386,10315,1,1.94,2.22,28.35,47904,31956,20701,-3274,-19222,-71
432072,79718,25523,4367,25523,23883,9786,37429,1,3.12,18.25,5.42,29890,49406,47215,-21156,-1640,27643
96569,60040,25513,11878,25513,5433,4982,22376,0,2.35,5.05,1.61,37391,30946,27358,-13635,-20080,17394
131060,24428,25493,7244,25493,985,460,60646,1,0.96,3.37,5.37,32737,26478,61106,-18249,-24508,60186
276776,257981,25445,16470,25445,7114,1969,693856,1,10.14,15.66,1.07,41915,32559,695825,-8975,-18331,691887
361319,93847,25413,14448,25413,8307,4330,573905,1,3.69,6.50,3.85,39861,33720,578235,-10965,-17106,569575
1840282,236606,25411,21524,25411,12679,5552,280496,0,9.31,10.99,7.78,46935,38090,286048,-3887,-12732,274944
582067,67229,25363,37584,25363,4563,3774,2833,0,2.65,1.79,8.66,62947,29926,6607,12221,-20800,-941
917037,330728,72795,12165,25351,9622,3873,362277,0,4.54,27.19,2.77,84960,34973,366150,-60630,-15729,358404
233165,57414,25341,3795,25341,3244,2678,159017,1,2.27,15.13,4.06,29136,28585,161695,-21546,-22097,156339
998949,155490,25303,69783,25303,19905,18692,13014,0,6.15,2.23,6.42,95086,45208,31706,44480,-5398,-5678
14823,16640,25243,5746,25243,6052,5594,44765,1,0.66,2.90,0.89,30989,31295,50359,-19497,-19191,39171
15561,27823,25241,10650,25241,3318,3508,61097,1,1.10,2.61,0.56,35891,28559,64605,-14591,-21923,57589
273204,49389,25233,5577,25233,6878,14648,5131,0,1.96,8.86,5.53,30810,32111,19779,-19656,-18355,-9517
50232,57870,25213,9734,25213,9746,8008,686513,1,2.30,5.95,0.87,34947,34959,694521,-15479,-15467,678505
838972,139583,64738,7692,25177,39234,2624,401681,0,2.16,18.15,6.01,72430,64411,404305,-57046,14057,399057
247659,92779,25149,18666,25149,26961,9482,6205,0,3.69,4.97,2.67,43815,52110,15687,-6483,1812,-3277
661275,274263,298452,21562,25116,31734,4265,650270,0,0.92,12.72,2.41,320014,56850,654535,-276890,6618,646005
1610663,334936,25107,91888,25107,34924,69346,19376,0,13.34,3.65,4.81,116995,60031,88722,66781,9817,-49970
1372105,143549,25106,41634,25106,18389,6880,174611,0,5.72,3.45,9.56,66740,43495,181491,16528,-6717,167731
1344193,116852,25084,38185,25084,8541,3184,97237,0,4.66,3.06,11.50,63269,33625,100421,13101,-16543,94053
192623,125897,6489,17757,25017,3602,5056,210876,0,19.40,7.09,1.53,24246,28619,215932,11268,-21415,205820
457425,368076,205798,18362,24994,32726,5404,563392,0,1.79,20.05,1.24,224160,57720,568796,-187436,7732,557988
617911,112269,24980,74005,24980,28953,21797,163965,0,4.49,1.52,5.50,98985,53933,185762,49025,3973,142168
139916,30010,24886,15329,24886,10575,5070,646883,1,1.21,1.96,4.66,40215,35461,651953,-9557,-14311,641813
17580,22614,24855,16284,24855,10928,4386,41645,1,0.91,1.39,0.78,41139,35783,46031,-8571,-13927,37259
1032345,126063,24837,13738,24837,6314,2269,180171,1,5.08,9.18,8.19,38575,31151,182440,-11099,-18523,177902
971263,624934,686916,61439,24773,322755,4104,2055978,0,0.91,10.17,1.55,748355,347528,2060082,-625477,297982,2051874
330752,264146,24711,24044,24711,10790,2166,597072,1,10.69,10.99,1.25,48755,35501,599238,-667,-13921,594906
158138,52967,24682,30041,24682,16726,12018,98399,0,2.15,1.76,2.99,54723,41408,110417,5359,-7956,86381
343896,169271,24633,57394,24633,29590,23431,35507,1,6.87,2.95,2.03,82027,54223,58938,32761,4957,12076
1227894,82622,109825,29088,24609,6678,919,363706,0,0.75,2.84,14.86,138913,31287,364625,-80737,-17931,362787
253953,132014,32067,86171,24542,21446,4103,404304,0,4.12,1.53,1.92,118238,45988,408407,54104,-3096,400201
157001,13143,24497,27184,24497,9525,3454,2880,0,0.54,0.48,11.95,51681,34022,6334,2687,-14972,-574
317913,14253,46732,28087,24477,11270,5133,41005,0,0.30,0.51,22.30,74819,35747,46138,-18645,-13207,35872
285290,47248,24459,5238,24459,4515,1650,3152,1,1.93,9.02,6.04,29697,28974,4802,-19221,-19944,1502
291383,102293,24432,2334,24432,6863,3765,3551,1,4.19,43.83,2.85,26766,31295,7316,-22098,-17569,-214
690212,32547,24397,14378,24397,41132,12853,11194,0,1.33,2.26,21.21,38775,65529,24047,-10019,16735,-1659
948514,61239,66448,27994,24373,40820,12800,235190,0,0.92,2.19,15.49,94442,65193,247990,-38454,16447,222390
429400,119275,24368,11868,24368,17060,2207,157543,0,4.89,10.05,3.60,36236,41428,159750,-12500,-7308,155336
320116,303670,24368,15348,24368,13402,19115,6266,0,12.46,19.79,1.05,39716,37770,25381,-9020,-10966,-12849
1433521,233922,1110,49929,24330,47400,4034,483555,0,210.74,4.69,6.13,51039,71730,487589,48819,23070,479521
414047,62003,24298,13569,24298,37451,15424,34825,0,2.55,4.57,6.68,37867,61749,50249,-10729,13153,19401
55062,46697,24284,9836,24284,4382,4939,1626,1,1.92,4.75,1.18,34120,28666,6565,-14448,-19902,-3313
17779,20108,24283,18045,24283,14948,3727,2490,0,0.83,1.11,0.88,42328,39231,6217,-6238,-9335,-1237
988969,96379,24270,13646,24270,15311,12911,15791,0,3.97,7.06,10.26,37916,39581,28702,-10624,-8959,2880
1154050,131753,24267,9473,24267,4178,1457,1709,1,5.43,13.91,8.76,33740,28445,3166,-14794,-20089,252
102303,63527,24254,4320,24254,7322,3377,17706,0,2.62,14.71,1.61,28574,31576,21083,-19934,-16932,14329
46543,24330,24184,10164,24184,7292,4165,129822,1,1.01,2.39,1.91,34348,31476,133987,-14020,-16892,125657
955175,411115,24183,88517,24183,23089,4754,291476,0,17.00,4.64,2.32,112700,47272,296230,64334,-1094,286722
1144699,205030,24174,34817,24174,27376,11227,104668,0,8.48,5.89,5.58,58991,51550,115895,10643,3202,93441
253587,66574,24104,47915,24104,6643,3132,2313,0,2.76,1.39,3.81,72019,30747,5445,23811,-17461,-819
950400,151802,24091,14045,24091,20688,28733,19625,0,6.30,10.81,6.26,38136,44779,48358,-10046,-3403,-9108
982064,114582,24053,38168,24053,13717,11578,164480,0,4.76,3.00,8.57,62221,37770,176058,14115,-10336,152902
481922,77837,24034,27190,24034,2876,4283,5088,0,3.24,2.86,6.19,51224,26910,9371,3156,-21158,805
200766,86462,23984,23554,23984,7120,9222,2539,1,3.60,3.67,2.32,47538,31104,11761,-430,-16864,-6683
1344508,114847,23960,58150,23960,12927,7201,676947,1,4.79,1.98,11.71,82110,36887,684148,34190,-11033,669746
393425,168593,36528,36020,23953,18296,26085,81906,0,4.62,4.68,2.33,72548,42249,107991,-508,-5657,55821
1699037,43955,58886,23496,23932,23367,22761,476598,0,0.75,1.87,38.65,82382,47299,499359,-35390,-565,453837
575817,328476,23912,24333,23912,17884,3378,7893,0,13.74,13.50,1.75,48245,41796,11271,421,-6028,4515
1246994,99810,23895,19129,23895,5719,38960,7518,1,4.18,5.22,12.49,43024,29614,46478,-4766,-18176,-31442
92627,26480,23890,2216,23890,1113,454,623,0,1.11,11.95,3.50,26106,25003,1077,-21674,-22777,169
1047819,255220,23858,42657,23858,22051,13921,95765,0,10.70,5.98,4.11,66515,45909,109686,18799,-1807,81844
532808,55299,22938,2624,23856,21319,6912,402362,0,2.41,21.07,9.64,25562,45175,409274,-20314,-2537,395450
1330903,370088,23815,89086,23815,16153,57873,6705,1,15.54,4.15,3.60,112901,39968,64578,65271,-7662,-51168
1623822,595053,30493,84445,23786,71446,25749,643393,0,19.51,7.05,2.73,114938,95232,669142,53952,47660,617644
220405,14885,23776,6442,23776,7642,3302,2188,0,0.63,2.31,14.81,30218,31418,5490,-17334,-16134,-1114
1161515,55516,24488,20614,23765,17116,13824,149512,0,2.27,2.69,20.92,45102,40881,163336,-3874,-6649,135688
203782,143550,23673,9131,23673,3032,5121,154083,1,6.06,15.72,1.42,32804,26705,159204,-14542,-20641,148962
866827,115878,23661,6925,23661,19916,4801,726347,1,4.90,16.73,7.48,30586,43577,731148,-16736,-3745,721546
796261,278158,23596,16116,23596,42228,55075,41965,1,11.79,17.26,2.86,39712,65824,97040,-7480,18632,-13110
35537,35314,23517,21095,23517,11809,6564,112220,0,1.50,1.67,1.01,44612,35326,118784,-2422,-11708,105656
285200,71778,23510,25495,23510,2475,1448,28683,0,3.05,2.82,3.97,49005,25985,30131,1985,-21035,27235
1195530,145151,23510,8930,23510,21191,3748,2753,0,6.17,16.25,8.24,32440,44701,6501,-14580,-2319,-995
1130914,185206,23500,42365,23500,9231,20834,8391,0,7.88,4.37,6.11,65865,32731,29225,18865,-14269,-12443
40583,40281,23498,15303,23498,9049,11783,112625,0,1.71,2.63,1.01,38801,32547,124408,-8195,-14449,100842
735414,160617,97662,28097,23493,38509,4917,211912,0,1.64,5.72,4.58,125759,62002,216829,-69565,15016,206995
2067411,571708,213495,99228,23488,80332,3503,882162,0,2.68,5.76,3.62,312723,103820,885665,-114267,56844,878659
782783,100826,10816,16173,23474,7840,7963,83198,0,9.32,6.23,7.76,26989,31314,91161,5357,-15634,75235
1114975,88104,23441,15097,23441,3982,1901,196871,1,3.76,5.84,12.66,38538,27423,198772,-8344,-19459,194970
145610,73656,23422,20893,23422,2915,3402,1627,1,3.14,3.53,1.98,44315,26337,5029,-2529,-20507,-1775
564994,56117,9192,4592,23371,11824,14593,186207,0,6.10,12.22,10.07,13784,35195,200800,-4600,-11547,171614
744820,94884,23357,13526,23357,9598,4723,186876,1,4.06,7.01,7.85,36883,32955,191599,-9831,-13759,182153
401575,54758,23348,7034,23348,54144,15937,43550,1,2.35,7.78,7.33,30382,77492,59487,-16314,30796,27613
484350,332376,46764,18616,23330,17697,1954,487712,0,7.11,17.85,1.46,65380,41027,489666,-28148,-5633,485758
96752,60238,16458,18848,23268,11641,5090,79727,0,3.66,3.20,1.61,35306,34909,84817,2390,-11627,74637
679326,162446,23246,11537,23246,9766,8042,46730,0,6.99,14.08,4.18,34783,33012,54772,-11709,-13480,38688
515576,33047,51040,30876,23216,30214,33979,217338,0,0.65,1.07,15.60,81916,53430,251317,-20164,6998,183359
870099,90063,23198,14375,23198,12573,9525,181845,0,3.88,6.27,9.66,37573,35771,191370,-8823,-10625,172320
854163,119432,23096,16163,23171,21092,19681,670191,0,5.17,7.39,7.15,39259,44263,689872,-6933,-2079,650510
1138937,100384,23153,12821,23153,11702,2927,128938,0,4.34,7.83,11.35,35974,34855,131865,-10332,-11451,126011
815358,148676,63374,13714,23150,7004,2525,595264,0,2.35,10.84,5.48,77088,30154,597789,-49660,-16146,592739
124858,64418,23138,8941,23138,10979,2495,637606,1,2.78,7.20,1.94,32079,34117,640101,-14197,-12159,635111
670746,79940,23130,47087,23130,41148,12127,211858,0,3.46,1.70,8.39,70217,64278,223985,23957,18018,199731
382583,41127,23104,2799,23104,4246,4764,120772,1,1.78,14.69,9.30,25903,27350,125536,-20305,-18858,116008
2344935,115905,23096,10569,23096,15599,6521,7169,1,5.02,10.97,20.23,33665,38695,13690,-12527,-7497,648
4967,22392,23092,11301,23092,23903,6321,33544,1,0.97,1.98,0.22,34393,46995,39865,-11791,811,27223
1715163,283936,23079,37675,23079,25464,5839,1971,1,12.30,7.54,6.04,60754,48543,7810,14596,2385,-3868
206949,62340,23079,14243,23079,5660,1936,156653,0,2.70,4.38,3.32,37322,28739,158589,-8836,-17419,154717
260578,101744,23058,22091,23058,10569,5676,618126,1,4.41,4.61,2.56,45149,33627,623802,-967,-12489,612450
182142,209101,23040,11857,23040,10158,3667,2811,0,9.08,17.64,0.87,34897,33198,6478,-11183,-12882,-856
32315,64884,23037,10198,23037,6546,579,998,0,2.82,6.36,0.50,33235,29583,1577,-12839,-16491,419
14202,5415,23036,10357,23036,3304,3069,53281,1,0.24,0.52,2.62,33393,26340,56350,-12679,-19732,50212
1730,15033,23026,5136,23026,9269,2721,28074,1,0.65,2.93,0.12,28162,32295,30795,-17890,-13757,25353
174999,23814,7631,15110,22946,8220,932,144038,0,3.12,1.58,7.35,22741,31166,144970,7479,-14726,143106
520757,336025,182160,65157,22945,41830,28321,915075,0,1.84,5.16,1.55,247317,64775,943396,-117003,18885,886754
73639,66245,22945,6867,22945,8621,5076,635389,1,2.89,9.65,1.11,29812,31566,640465,-16078,-14324,630313
108199,68830,12692,17479,22925,21060,15391,243094,0,5.42,3.94,1.57,30171,43985,258485,4787,-1865,227703
746492,86018,22892,9447,22892,2605,4124,91397,0,3.76,9.11,8.68,32339,25497,95521,-13445,-20287,87273
1840511,486857,22861,135053,22861,165272,1989,784995,0,21.30,3.60,3.78,157914,188133,786984,112192,142411,783006
12723,72252,4041,9935,22858,3367,2929,331075,0,17.88,7.27,0.18,13976,26225,334004,5894,-19491,328146
157584,69146,22852,52352,22852,4215,3176,2333,0,3.03,1.32,2.28,75204,27067,5509,29500,-18637,-843
21545,12120,22841,17475,22841,7409,8658,13786,1,0.53,0.69,1.78,40316,30250,22444,-5366,-15432,5128
7181,31085,22824,5360,22824,4498,12048,128165,0,1.36,5.80,0.23,28184,27322,140213,-17464,-18326,116117
772760,195822,22816,8383,22816,10304,9169,673317,1,8.58,23.36,3.95,31199,33120,682486,-14433,-12512,664148
925892,189705,41814,34502,22815,13512,10577,243663,0,4.54,5.50,4.88,76316,36327,254240,-7312,-9303,233086
47894,12787,22809,6114,22809,8441,8872,638227,1,0.56,2.09,3.75,28923,31250,647099,-16695,-14368,629355
1093065,82401,22760,13835,22760,19337,5990,3057,0,3.62,5.96,13.27,36595,42097,9047,-8925,-3423,-2933
95733,97816,22747,34873,22747,6898,7549,2603,0,4.30,2.80,0.98,57620,29645,10152,12126,-15849,-4946
1773593,33107,22740,5386,22740,14327,6363,3457,0,1.46,6.15,53.57,28126,37067,9820,-17354,-8413,-2906
781335,294354,137217,6713,22739,206788,5757,1003031,0,2.15,43.85,2.65,143930,229527,1008788,-130504,184049,997274
593252,165334,22725,5110,22725,5985,7744,631896,1,7.28,32.35,3.59,27835,28710,639640,-17615,-16740,624152
100594,90125,22709,4266,22709,2609,1450,1296,1,3.97,21.13,1.12,26975,25318,2746,-18443,-20100,-154
1953741,106381,83812,55678,22671,25963,24418,74095,0,1.27,1.91,18.37,139490,48634,98513,-28134,3292,49677
321354,22200,22645,1389,22645,8208,2878,1234,0,0.98,15.98,14.48,24034,30853,4112,-21256,-14437,-1644
7443,15918,22626,14674,22626,12636,16361,88344,1,0.70,1.08,0.47,37300,35262,104705,-7952,-9990,71983
57266,16194,22614,10379,22614,14633,8335,3583,0,0.72,1.56,3.54,32993,37247,11918,-12235,-7981,-4752
6081,17655,22608,7498,22608,7254,3475,21106,1,0.78,2.35,0.34,30106,29862,24581,-15110,-15354,17631
797383,217054,22597,36336,22597,15629,8887,5142,0,9.61,5.97,3.67,58933,38226,14029,13739,-6968,-3745
661656,186546,22578,7530,22578,6173,7443,199917,1,8.26,24.77,3.55,30108,28751,207360,-15048,-16405,192474
90560,14217,22575,8681,22575,7084,5037,6059,1,0.63,1.64,6.37,31256,29659,11096,-13894,-15491,1022
129563,33267,22539,15399,22539,2162,2234,1561,1,1.48,2.16,3.89,37938,24701,3795,-7140,-20377,-673
354491,137847,22525,16006,22525,2661,1262,217578,1,6.12,8.61,2.57,38531,25186,218840,-6519,-19864,216316
1564217,117857,18629,21994,22521,14009,1787,349335,0,6.33,5.36,13.27,40623,36530,351122,3365,-8512,347548
1129838,79465,22515,35641,22515,13220,7493,2072,0,3.53,2.23,14.22,58156,35735,9565,13126,-9295,-5421
58627,11681,22511,42386,22511,14295,4657,3166,0,0.52,0.28,5.02,64897,36806,7823,19875,-8216,-1491
223269,29577,22497,17016,22497,9386,1987,3286,1,1.31,1.74,7.55,39513,31883,5273,-5481,-13111,1299
8627,19916,22485,6925,22485,3213,1045,72949,1,0.89,2.88,0.43,29410,25698,73994,-15560,-19272,71904
157028,110860,22426,5006,22426,11326,9679,663933,1,4.94,22.15,1.42,27432,33752,673612,-17420,-11100,654254
1381383,248966,54496,53181,22407,110539,4206,1054209,0,4.57,4.68,5.55,107677,132946,1058415,-1315,88132,1050003
251729,31353,22394,27702,22394,20815,2463,551453,1,1.40,1.13,8.03,50096,43209,553916,5308,-1579,548990
701524,95217,22391,28486,22391,12862,7468,9303,0,4.25,3.34,7.37,50877,35253,16771,6095,-9529,1835
386820,20891,22375,12945,22375,10357,6512,17729,1,0.93,1.61,18.52,35320,32732,24241,-9430,-12018,11217
619370,39134,22313,8988,22313,14776,11410,130049,0,1.75,4.35,15.83,31301,37089,141459,-13325,-7537,118639
271730,107187,22311,29110,22311,12047,8753,4950,0,4.80,3.68,2.54,51421,34358,13703,6799,-10264,-3803
112319,20949,22297,8935,22297,4533,7223,4357,0,0.94,2.34,5.36,31232,26830,11580,-13362,-17764,-2866
42557,3588,22264,34514,22264,7714,4122,1438,0,0.16,0.10,11.86,56778,29978,5560,12250,-14550,-2684
774265,86342,22254,65750,22254,23029,5998,4469,0,3.88,1.31,8.97,88004,45283,10467,43496,775,-1529
1864441,112354,22251,20255,22251,13039,1782,297504,0,5.05,5.55,16.59,42506,35290,299286,-1996,-9212,295722
151154,47535,22248,6966,22248,14726,5252,622569,1,2.14,6.82,3.18,29214,36974,627821,-15282,-7522,617317
1124850,115776,31430,19303,22231,21432,2426,444112,0,3.68,6.00,9.72,50733,43663,446538,-12127,-799,441686
150356,168597,22137,40768,22137,8637,4419,2660,0,7.62,4.14,0.89,62905,30774,7079,18631,-13500,-1759
90106,46058,22135,29267,22135,2868,4832,3354,0,2.08,1.57,1.96,51402,25003,8186,7132,-19267,-1478
461010,128459,22118,20218,22118,8711,11910,17188,0,5.81,6.35,3.59,42336,30829,29098,-1900,-13407,5278
3467615,202796,22110,6215,22110,18032,7561,562864,1,9.17,32.63,17.10,28325,40142,570425,-15895,-4078,555303
68612,40203,22092,14588,22092,9643,2882,2759,0,1.82,2.76,1.71,36680,31735,5641,-7504,-12449,-123
1392098,90851,41816,26861,22082,4110,8091,244505,0,2.17,3.38,15.32,68677,26192,252596,-14955,-17972,236414
105464,238155,129455,67762,22039,28039,8982,64515,0,1.84,3.51,0.44,197217,50078,73497,-61693,6000,55533
1836128,188571,22036,62968,22036,36218,16189,670334,1,8.56,2.99,9.74,85004,58254,686523,40932,14182,654145
49222,26686,22001,3800,22001,3007,921,814,0,1.21,7.02,1.84,25801,25008,1735,-18201,-18994,-107
364533,154053,126350,18399,22000,46922,2373,709822,0,1.22,8.37,2.37,144749,68922,712195,-107951,24922,707449
1409796,141932,35927,158083,21998,292594,27905,946295,0,3.95,0.90,9.93,194010,314592,974200,122156,270596,918390
23291,18784,21995,5155,21995,5273,669,77999,1,0.85,3.64,1.24,27150,27268,78668,-16840,-16722,77330
1622,6086,21991,19103,21991,20672,10581,30028,1,0.28,0.32,0.27,41094,42663,40609,-2888,-1319,19447
94599,18169,21971,2930,21971,4299,1678,1650,0,0.83,6.20,5.21,24901,26270,3328,-19041,-17672,-28
867571,142017,77982,18058,21955,21528,3442,497322,0,1.82,7.86,6.11,96040,43483,500764,-59924,-427,493880
1285746,453557,21931,54465,21931,32709,26495,69025,0,20.68,8.33,2.83,76396,54640,95520,32534,10778,42530
1231580,72207,21882,10883,21882,9179,17910,11605,0,3.30,6.63,17.06,32765,31061,29515,-10999,-12703,-6305
1584839,86294,21875,22584,21875,16829,4359,5059,0,3.94,3.82,18.37,44459,38704,9418,709,-5046,700
594054,539482,30726,129351,21839,24496,38929,221866,0,17.56,4.17,1.10,160077,46335,260795,98625,2657,182937
4208,70015,21834,9951,21834,12865,1240,39365,1,3.21,7.04,0.06,31785,34699,40605,-11883,-8969,38125
26404,26608,21794,44911,21794,7282,2342,2933,1,1.22,0.59,0.99,66705,29076,5275,23117,-14512,591
732418,506089,21794,40410,21794,18558,17074,7453,0,23.22,12.52,1.45,62204,40352,24527,18616,-3236,-9621
19405,164137,21789,14026,21789,10949,1826,22492,1,7.53,11.70,0.12,35815,32738,24318,-7763,-10840,20666
1053580,253644,189087,35769,21778,164341,3117,917630,0,1.34,7.09,4.15,224856,186119,920747,-153318,142563,914513
82898,115286,21777,9709,21777,16070,21086,29391,1,5.29,11.87,0.72,31486,37847,50477,-12068,-5707,8305
108653,85916,21753,7296,21753,9049,4927,1718,0,3.95,11.78,1.26,29049,30802,6645,-14457,-12704,-3209
164173,97966,8361,40850,21752,11682,9492,365569,0,11.72,2.40,1.68,49211,33434,375061,32489,-10070,356077
1350784,19985,21750,1001,21750,4995,3486,30640,1,0.92,19.97,67.59,22751,26745,34126,-20749,-16755,27154
905140,430211,85888,46946,21739,58502,952,901961,0,5.01,9.16,2.10,132834,80241,902913,-38942,36763,901009
389176,109227,21683,35620,21735,18488,4685,196640,0,5.04,3.07,3.56,57303,40223,201325,13937,-3247,191955
798651,272235,21731,38462,21731,23130,7413,5505,0,12.53,7.08,2.93,60193,44861,12918,16731,1399,-1908
33204,22843,21726,29561,21726,7160,4512,2102,0,1.05,0.77,1.45,51287,28886,6614,7835,-14566,-2410
13491,26183,21717,5496,21717,3549,3588,70064,1,1.21,4.76,0.52,27213,25266,73652,-16221,-18168,66476
81281,60837,21607,17776,21607,14756,6058,36090,1,2.82,3.42,1.34,39383,36363,42148,-3831,-6851,30032
584576,42358,21591,39538,21591,15903,12567,5803,0,1.96,1.07,13.80,61129,37494,18370,17947,-5688,-6764
33900,27600,21580,33596,21580,5204,3605,1279,0,1.28,0.82,1.23,55176,26784,4884,12016,-16376,-2326
398990,27108,21572,23736,21572,4796,7294,2661,0,1.26,1.14,14.72,45308,26368,9955,2164,-16776,-4633
25753,49734,34809,44383,21523,29229,17936,159508,0,1.43,1.12,0.52,79192,50752,177444,9574,7706,141572
222010,83768,21502,63154,21502,3055,3964,4186,1,3.90,1.33,2.65,84656,24557,8150,41652,-18447,222
80246,41617,21478,20237,21478,8248,12349,7279,0,1.94,2.06,1.93,41715,29726,19628,-1241,-13230,-5070
1353486,301896,107619,52904,21470,40584,4217,883577,0,2.81,5.71,4.48,160523,62054,887794,-54715,19114,879360
6504,17197,21444,7996,21444,16481,12053,39265,1,0.80,2.15,0.38,29440,37925,51318,-13448,-4963,27212
1074732,79737,21376,34658,21376,13674,3107,1721,1,3.73,2.30,13.48,56034,35050,4828,13282,-7702,-1386
656169,33926,21376,8223,21376,11190,4668,660775,1,1.59,4.13,19.34,29599,32566,665443,-13153,-10186,656107
2395284,709789,56670,56901,21370,29863,4906,468858,0,12.52,12.47,3.37,113571,51233,473764,231,8493,463952
277146,22237,21350,11748,21350,15293,2153,604472,1,1.04,1.89,12.46,33098,36643,606625,-9602,-6057,602319
82483,86863,21287,23372,21287,2919,4084,3795,1,4.08,3.72,0.95,44659,24206,7879,2085,-18368,-289
25398,212776,16832,24287,21277,5784,2182,43116,0,12.64,8.76,0.12,41119,27061,45298,7455,-15493,40934
353312,53702,21274,26434,21274,15562,7334,50859,0,2.52,2.03,6.58,47708,36836,58193,5160,-5712,43525
95479,10676,21263,5809,21263,4543,2385,34065,1,0.50,1.84,8.94,27072,25806,36450,-15454,-16720,31680
863940,72334,21207,6387,21207,13520,12387,562946,1,3.41,11.33,11.94,27594,34727,575333,-14820,-7687,550559
154815,48910,21190,3148,21190,5113,1130,129629,1,2.31,15.54,3.17,24338,26303,130759,-18042,-16077,128499
86992,86660,21186,4296,21186,14260,5664,3394,0,4.09,20.17,1.00,25482,35446,9058,-16890,-6926,-2270
338660,153699,21185,34252,21185,9425,7532,621234,1,7.26,4.49,2.20,55437,30610,628766,13067,-11760,613702
980465,123654,21128,10987,21128,37238,7487,612742,1,5.85,11.25,7.93,32115,58366,620229,-10141,16110,605255
11856,14560,21120,28266,21120,12913,5304,13661,1,0.69,0.52,0.81,49386,34033,18965,7146,-8207,8357
14721,34720,21102,17160,21102,16520,4749,93035,0,1.65,2.02,0.42,38262,37622,97784,-3942,-4582,88286
1303371,47207,21293,24491,21071,18263,2765,470673,0,2.22,1.93,27.61,45784,39334,473438,3198,-2808,467908
51505,8484,21064,13946,21064,17320,8984,106313,0,0.40,0.61,6.07,35010,38384,115297,-7118,-3744,97329
939242,45324,21047,34810,21047,16699,4791,5555,0,2.15,1.30,20.72,55857,37746,10346,13763,-4348,764
104630,75566,21038,28283,21038,12676,5842,116916,0,3.59,2.67,1.38,49321,33714,122758,7245,-8362,111074
128300,21409,20974,8329,20974,968,1567,50317,1,1.02,2.57,5.99,29303,21942,51884,-12645,-20006,48750
473407,62447,20902,6076,20902,5132,1568,3028,0,2.99,10.28,7.58,26978,26034,4596,-14826,-15770,1460
74303,162937,20895,55278,20895,36229,4502,120350,0,7.80,2.95,0.46,76173,57124,124852,34383,15334,115848
527120,214090,25975,10241,20883,14562,6267,199036,0,8.24,20.91,2.46,36216,35445,205303,-15734,-6321,192769
197222,96942,60577,41423,20879,12641,5905,416391,0,1.60,2.34,2.03,102000,33520,422296,-19154,-8238,410486
758109,60639,20867,37918,20867,9705,15238,4869,1,2.91,1.60,12.50,58785,30572,20107,17051,-11162,-10369
273247,59436,20859,2655,20859,7729,1068,1135,0,2.85,22.39,4.60,23514,28588,2203,-18204,-13130,67
63030,49325,20844,13202,20844,13426,8488,65856,0,2.37,3.74,1.28,34046,34270,74344,-7642,-7418,57368
1148349,160354,20829,7399,20829,18636,4456,193595,1,7.70,21.67,7.16,28228,39465,198051,-13430,-2193,189139
1447505,156211,126373,33294,20813,5091,2508,374380,0,1.24,4.69,9.27,159667,25904,376888,-93079,-15722,371872
1153703,28671,20806,9923,20806,7457,3157,21970,0,1.38,2.89,40.24,30729,28263,25127,-10883,-13349,18813
301930,73810,20755,10622,20755,3505,791,517,1,3.56,6.95,4.09,31377,24260,1308,-10133,-17250,-274
8000,27283,20710,19173,20710,12211,16218,85161,1,1.32,1.42,0.29,39883,32921,101379,-1537,-8499,68943
341644,25628,20694,4337,20694,2577,1137,9420,1,1.24,5.91,13.33,25031,23271,10557,-16357,-18117,8283
46456,132042,20690,28508,20690,5534,2059,2856,0,6.38,4.63,0.35,49198,26224,4915,7818,-15156,797
2243736,92716,20673,11744,20673,9783,5182,25425,0,4.48,7.89,24.20,32417,30456,30607,-8929,-10890,20243
906006,41027,20614,12214,20614,3956,3884,148506,1,1.99,3.36,22.08,32828,24570,152390,-8400,-16658,144622
2922,10226,20578,4320,20578,19677,27222,20753,1,0.50,2.37,0.29,24898,40255,47975,-16258,-901,-6469
395509,110162,20572,13104,20572,3893,4535,1868,1,5.35,8.41,3.59,33676,24465,6403,-7468,-16679,-2667
38561,26096,20571,25404,20571,16627,13025,66502,0,1.27,1.03,1.48,45975,37198,79527,4833,-3944,53477
419843,49492,20568,71288,20568,3895,1525,257592,1,2.41,0.69,8.48,91856,24463,259117,50720,-16673,256067
485319,217922,20536,23088,20536,10808,5960,575169,0,10.61,9.44,2.23,43624,31344,581129,2552,-9728,569209
1431204,37660,20531,6288,20531,7564,5225,1759,0,1.83,5.99,38.00,26819,28095,6984,-14243,-12967,-3466
15621,13441,20529,10846,20529,23561,14505,34434,1,0.65,1.24,1.16,31375,44090,48939,-9683,3032,19929
284922,54045,20490,9630,20490,8403,11186,4473,0,2.64,5.61,5.27,30120,28893,15659,-10860,-12087,-6713
55853,14711,20474,6422,20474,6669,5602,706735,1,0.72,2.29,3.80,26896,27143,712337,-14052,-13805,701133
602584,226865,20471,67497,20471,19227,12891,285881,0,11.08,3.36,2.66,87968,39698,298772,47026,-1244,272990
786872,585362,79804,170283,20460,100140,7641,1218719,0,7.33,3.44,1.34,250087,120600,1226360,90479,79680,1211078
1978817,817801,20458,139506,20458,53249,14556,1482853,0,39.97,5.86,2.42,159964,73707,1497409,119048,32791,1468297
243970,126389,28663,24272,20442,26831,4759,217879,0,4.41,5.21,1.93,52935,47273,222638,-4391,6389,213120
317517,46371,20432,44247,20432,5131,3450,2094,0,2.27,1.05,6.85,64679,25563,5544,23815,-15301,-1356
927945,137812,20423,5596,20423,24717,15358,4273,1,6.75,24.63,6.73,26019,45140,19631,-14827,4294,-11085
229398,16583,20413,5215,20413,5747,2148,634944,1,0.81,3.18,13.83,25628,26160,637092,-15198,-14666,632796
965263,117745,20406,40753,20406,17549,3463,310136,0,5.77,2.89,8.20,61159,37955,313599,20347,-2857,306673
11980,27494,20373,22810,20373,23270,8780,75976,1,1.35,1.21,0.44,43183,43643,84756,2437,2897,67196
335913,130592,20347,10142,20347,5444,3782,30944,0,6.42,12.88,2.57,30489,25791,34726,-10205,-14903,27162
438861,27732,20337,3843,20337,8227,7376,647629,1,1.36,7.22,15.83,24180,28564,655005,-16494,-12110,640253
2255569,1221470,20302,64518,20302,26092,26287,505104,0,60.17,18.93,1.85,84820,46394,531391,44216,5790,478817
908297,164599,20281,86633,20281,18976,17504,7069,0,8.12,1.90,5.52,106914,39257,24573,66352,-1305,-10435
228342,41260,20276,35830,20276,6932,3111,1386,0,2.03,1.15,5.53,56106,27208,4497,15554,-13344,-1725
652884,306028,75358,31142,20276,51283,1541,707967,0,4.06,9.83,2.13,106500,71559,709508,-44216,31007,706426
893626,497918,161728,59513,20275,10788,29536,96470,0,3.08,8.37,1.79,221241,31063,126006,-102215,-9487,66934
1859807,909276,433623,87420,20229,196725,8487,2088233,0,2.10,10.40,2.05,521043,216954,2096720,-346203,176496,2079746
185525,95624,20221,16955,20221,5323,1723,145667,1,4.73,5.64,1.94,37176,25544,147390,-3266,-14898,143944
1209108,167386,20213,20767,20213,28776,18929,4639,0,8.28,8.06,7.22,40980,48989,23568,554,8563,-14290
92146,34125,20195,58029,20195,14455,7389,9664,0,1.69,0.59,2.70,78224,34650,17053,37834,-5740,2275
438726,112674,20193,25592,20193,44879,18626,28713,1,5.58,4.40,3.89,45785,65072,47339,5399,24686,10087
761455,121583,20181,431,20181,7995,5738,5706,0,6.02,282.10,6.26,20612,28176,11444,-19750,-12186,-32
39145,28225,20172,39551,20172,9933,5237,4750,0,1.40,0.71,1.39,59723,30105,9987,19379,-10239,-487
2718666,286819,20160,133217,20160,16685,12048,7898,0,14.23,2.15,9.48,153377,36845,19946,113057,-3475,-4150
390794,419205,20158,33512,20158,34975,24574,18752,0,20.80,12.51,0.93,53670,55133,43326,13354,14817,-5822
798026,97659,20155,9582,20155,15872,13145,530041,1,4.85,10.19,8.17,29737,36027,543186,-10573,-4283,516896
853723,152954,20153,81161,20153,36516,32458,12660,0,7.59,1.88,5.58,101314,56669,45118,61008,16363,-19798
214023,101021,20145,23821,20145,11679,8723,52439,0,5.01,4.24,2.12,43966,31824,61162,3676,-8466,43716
764009,97804,10839,11923,20104,9646,4459,95216,0,9.02,8.20,7.81,22762,29750,99675,1084,-10458,90757
772295,396396,53418,37959,20064,58825,1502,465941,0,7.42,10.44,1.95,91377,78889,467443,-15459,38761,464439
1072518,99467,32271,17983,20058,14627,2019,359958,0,3.08,5.53,10.78,50254,34685,361977,-14288,-5431,357939
836471,69192,20044,122704,20044,24068,22254,150818,0,3.45,0.56,12.09,142748,44112,173072,102660,4024,128564
470399,39311,20021,11924,20021,28846,19890,146121,0,1.96,3.30,11.97,31945,48867,166011,-8097,8825,126231
17119,46324,20008,4170,20008,2979,2730,71422,1,2.32,11.11,0.37,24178,22987,74152,-15838,-17029,68692
232359,61346,19987,11345,19987,2484,477,66350,1,3.07,5.41,3.79,31332,22471,66827,-8642,-17503,65873
9311,15842,19970,19012,19970,7532,7601,14194,1,0.79,0.83,0.59,38982,27502,21795,-958,-12438,6593
50864,53660,19955,20654,19955,3388,3122,1636,0,2.69,2.60,0.95,40609,23343,4758,699,-16567,-1486
705330,105579,40361,23993,19938,8002,8971,486139,0,2.62,4.40,6.68,64354,27940,495110,-16368,-11936,477168
86278,44275,19919,10568,19919,17424,12442,130931,0,2.22,4.19,1.95,30487,37343,143373,-9351,-2495,118489
903313,647740,163215,70761,19915,156182,16235,1490874,0,3.97,9.15,1.39,233976,176097,1507109,-92454,136267,1474639
347509,47765,19887,69009,19905,19524,8106,279408,0,2.40,0.69,7.28,88896,39429,287514,49122,-381,271302
205970,144495,19864,51506,19864,13939,10580,580827,1,7.27,2.81,1.43,71370,33803,591407,31642,-5925,570247
258280,66632,19857,12111,19857,7632,1603,176235,1,3.36,5.50,3.88,31968,27489,177838,-7746,-12225,174632
682103,138370,19857,29988,19857,16937,21857,684453,1,6.97,4.61,4.93,49845,36794,706310,10131,-2920,662596
399376,33311,19827,53670,19827,10301,2672,3396,0,1.68,0.62,11.99,73497,30128,6068,33843,-9526,724
69785,38130,19788,6935,19788,15391,11158,624389,1,1.93,5.50,1.83,26723,35179,635547,-12853,-4397,613231
1036317,234657,38544,44881,19786,9281,12766,820105,0,6.09,5.23,4.42,83425,29067,832871,6337,-10505,807339
1167969,417790,36614,3164,19783,19710,21983,63246,0,11.41,132.04,2.80,39778,39493,85229,-33450,-73,41263
440019,27756,19775,48014,19775,19171,6292,561496,1,1.40,0.58,15.85,67789,38946,567788,28239,-604,555204
254724,76658,19773,15432,19773,5208,5047,4062,0,3.88,4.97,3.32,35205,24981,9109,-4341,-14565,-985
222877,33871,19742,3832,19742,2990,1565,64045,1,1.72,8.84,6.58,23574,22732,65610,-15910,-16752,62480
37680,28565,19725,45310,19725,1746,3563,3990,1,1.45,0.63,1.32,65035,21471,7553,25585,-17979,427
956133,39684,19724,18543,19724,3300,2179,224061,1,2.01,2.14,24.09,38267,23024,226240,-1181,-16424,221882
735759,412585,40068,36015,19695,33115,2938,492589,0,10.30,11.46,1.78,76083,52810,495527,-4053,13420,489651
84883,90345,19679,6093,19679,5200,8418,6188,1,4.59,14.83,0.94,25772,24879,14606,-13586,-14479,-2230
1505889,75556,4739,35605,19677,3578,1505,273841,0,15.94,2.12,19.93,40344,23255,275346,30866,-16099,272336
486953,90139,39839,31825,19666,13175,9283,86899,0,2.26,2.83,5.40,71664,32841,96182,-8014,-6491,77616
125644,81185,19663,3932,19663,12616,10207,4664,0,4.13,20.65,1.55,23595,32279,14871,-15731,-7047,-5543
541580,58925,27137,2776,19653,3749,5123,197389,0,2.17,21.23,9.19,29913,23402,202512,-24361,-15904,192266
229358,62421,19626,8419,19626,5828,3990,80878,0,3.18,7.41,3.67,28045,25454,84868,-11207,-13798,76888
1068030,180307,19612,10128,19612,7664,8056,616031,1,9.19,17.80,5.92,29740,27276,624087,-9484,-11948,607975
208065,27903,19603,2427,19603,5331,2352,110505,0,1.42,11.50,7.46,22030,24934,112857,-17176,-14272,108153
94216,16697,19593,9378,19593,8777,6754,2136,1,0.85,1.78,5.64,28971,28370,8890,-10215,-10816,-4618
1024995,160824,19590,29988,19590,9492,8802,229738,0,8.21,5.36,6.37,49578,29082,238540,10398,-10098,220936
569650,97956,19579,14326,19579,16280,12998,59949,0,5.00,6.84,5.82,33905,35859,72947,-5253,-3299,46951
1741280,38946,31507,40311,19542,16890,2801,452408,0,1.24,0.97,44.71,71818,36432,455209,8804,-2652,449607
13187,5166,19542,20031,19542,20979,4626,125240,0,0.26,0.26,2.55,39573,40521,129866,489,1437,120614
164519,90564,19539,5102,19539,13230,467,133826,1,4.64,17.75,1.82,24641,32769,134293,-14437,-6309,133359
717808,49624,19529,8296,19529,7313,4118,731944,1,2.54,5.98,14.46,27825,26842,736062,-11233,-12216,727826
2092254,156477,19525,33527,19525,33034,14334,2822,0,8.01,4.67,13.37,53052,52559,17156,14002,13509,-11512
992493,28224,19495,13188,19495,3115,2287,1436,1,1.45,2.14,35.16,32683,22610,3723,-6307,-16380,-851
166148,26042,19488,18936,19488,4200,2997,1845,1,1.34,1.38,6.38,38424,23688,4842,-552,-15288,-1152
250538,315772,15719,70088,19460,18134,2315,233650,0,20.09,4.51,0.79,85807,37594,235965,54369,-1326,231335
7219,17384,19435,39157,19435,3918,8090,15889,1,0.89,0.44,0.42,58592,23353,23979,19722,-15517,7799
1090766,366388,111713,47565,19428,69149,3153,812943,0,3.28,7.70,2.98,159278,88577,816096,-64148,49721,809790
22408,16256,19425,11522,19425,8511,2876,38667,1,0.84,1.41,1.38,30947,27936,41543,-7903,-10914,35791
5124,30124,19414,16143,19414,11700,8419,29100,1,1.55,1.87,0.17,35557,31114,37519,-3271,-7714,20681
591684,159391,10412,29256,19393,21705,22874,70683,0,15.31,5.45,3.71,39668,41098,93557,18844,2312,47809
3773,20116,19389,11203,19389,18340,7393,24040,1,1.04,1.80,0.19,30592,37729,31433,-8186,-1049,16647
739139,442060,60728,69296,19381,8163,2561,391717,0,7.28,6.38,1.67,130024,27544,394278,8568,-11218,389156
26383,2761,19380,31390,19380,6571,1486,73956,1,0.14,0.09,9.56,50770,25951,75442,12010,-12809,72470
1411362,127282,31398,30000,19379,11270,4872,224431,0,4.05,4.24,11.09,61398,30649,229303,-1398,-8109,219559
3091,23930,19317,15566,19317,42632,16951,12763,1,1.24,1.54,0.13,34883,61949,29714,-3751,23315,-4188
14153,12903,19288,3959,19288,7930,6117,21731,1,0.67,3.26,1.10,23247,27218,27848,-15329,-11358,15614
1592699,314984,19269,63117,19269,30260,9854,269377,0,16.35,4.99,5.06,82386,49529,279231,43848,10991,259523
40853,28149,19248,5245,19248,6129,2705,2194,0,1.46,5.37,1.45,24493,25377,4899,-14003,-13119,-511
551714,29966,19232,5733,19232,4041,3922,476198,0,1.56,5.23,18.41,24965,23273,480120,-13499,-15191,472276
3661,25626,19223,800,19223,6248,4304,689918,1,1.33,32.03,0.14,20023,25471,694222,-18423,-12975,685614
84655,70134,19168,24784,19168,12250,6956,154060,0,3.66,2.83,1.21,43952,31418,161016,5616,-6918,147104
89329,18804,19149,8786,19149,10222,4023,2088,0,0.98,2.14,4.75,27935,29371,6111,-10363,-8927,-1935
113764,14885,19115,4424,19115,4201,1101,27085,1,0.78,3.36,7.64,23539,23316,28186,-14691,-14914,25984
50144,39471,19110,12702,19110,3479,3367,1809,1,2.07,3.11,1.27,31812,22589,5176,-6408,-15631,-1558
44183,64734,19106,68123,19106,13604,24019,128354,0,3.39,0.95,0.68,87229,32710,152373,49017,-5502,104335
2110,6679,19090,29923,19090,30489,21153,40975,1,0.35,0.22,0.32,49013,49579,62128,10833,11399,19822
8925,21971,19080,4522,19080,8098,3735,123420,1,1.15,4.86,0.41,23602,27178,127155,-14558,-10982,119685
776970,216390,19042,107575,19042,14723,16508,32630,0,11.36,2.01,3.59,126617,33765,49138,88533,-4319,16122
850837,29389,19035,19804,19035,8143,6125,4385,0,1.54,1.48,28.95,38839,27178,10510,769,-10892,-1740
59063,23975,19003,42760,19003,7015,3739,1278,0,1.26,0.56,2.46,61763,26018,5017,23757,-11988,-2461
41298,18144,18998,16970,18998,12319,18030,77429,0,0.96,1.07,2.28,35968,31317,95459,-2028,-6679,59399
59372,23530,18992,16167,18992,3596,1874,42378,1,1.24,1.46,2.52,35159,22588,44252,-2825,-15396,40504
114771,91697,18978,5368,18978,6374,8924,83345,0,4.83,17.08,1.25,24346,25352,92269,-13610,-12604,74421
467600,54266,18934,16912,18934,15556,8196,97674,0,2.87,3.21,8.62,35846,34490,105870,-2022,-3378,89478
410212,71318,18933,24942,18933,17156,18533,163220,0,3.77,2.86,5.75,43875,36089,181753,6009,-1777,144687
1219684,23144,18906,9957,18906,7851,9881,9175,1,1.22,2.32,52.70,28863,26757,19056,-8949,-11055,-706
250270,85239,18901,13095,18901,13096,25791,3537,1,4.51,6.51,2.94,31996,31997,29328,-5806,-5805,-22254
145404,366088,18889,57487,18889,7868,12663,696289,1,19.38,6.37,0.40,76376,26757,708952,38598,-11021,683626
1155799,713281,259532,112249,18873,228717,10047,1515300,0,2.75,6.35,1.62,371781,247590,1525347,-147283,209844,1505253
831296,38258,18864,9191,18864,4754,1009,159063,1,2.03,4.16,21.73,28055,23618,160072,-9673,-14110,158054
939540,75415,17012,41453,18858,12757,4009,284623,0,4.43,1.82,12.46,58465,31615,288632,24441,-6101,280614
155622,71942,18847,19963,18847,2532,2199,1618,1,3.82,3.60,2.16,38810,21379,3817,1116,-16315,-581
392239,222061,18829,23730,18829,6005,2349,2081,0,11.79,9.36,1.77,42559,24834,4430,4901,-12824,-268
313577,29674,18822,11110,18822,26187,6616,1177,1,1.58,2.67,10.57,29932,45009,7793,-7712,7365,-5439
688893,886694,18822,21210,18822,17398,13396,8142,1,47.11,41.81,0.78,40032,36220,21538,2388,-1424,-5254
371698,63164,18818,46463,18818,6157,4942,1068,1,3.36,1.36,5.88,65281,24975,6010,27645,-12661,-3874
1074627,69770,22273,62308,18801,14638,3154,388609,0,3.13,1.12,15.40,84581,33439,391763,40035,-4163,385455
7067,23312,18800,24155,18800,6014,3705,132633,1,1.24,0.97,0.30,42955,24814,136338,5355,-12786,128928
1150694,26429,18795,18825,18795,23264,7963,16186,0,1.41,1.40,43.54,37620,42059,24149,30,4469,8223
218295,130081,18794,69339,18794,95281,8242,11595,0,6.92,1.88,1.68,88133,114075,19837,50545,76487,3353
1605897,81048,18766,21974,18766,3329,3950,797,0,4.32,3.69,19.81,40740,22095,4747,3208,-15437,-3153
33690,66763,18754,5547,18754,10664,2846,2025,1,3.56,12.04,0.50,24301,29418,4871,-13207,-8090,-821
36425,22702,18742,5867,18742,5394,4810,4699,0,1.21,3.87,1.60,24609,24136,9509,-12875,-13348,-111
1080911,179098,18742,11927,18742,4195,3713,198644,1,9.56,15.02,6.04,30669,22937,202357,-6815,-14547,194931
130159,110606,18724,4950,18724,23412,9434,67771,1,5.91,22.34,1.18,23674,42136,77205,-13774,4688,58337
308644,438974,18718,16810,18718,18886,4940,143839,0,23.45,26.11,0.70,35528,37604,148779,-1908,168,138899
1830603,293869,18704,11836,18704,34501,22469,15399,1,15.71,24.83,6.23,30540,53205,37868,-6868,15797,-7070
201919,129076,18690,60515,18690,10856,4327,3030,1,6.91,2.13,1.56,79205,29546,7357,41825,-7834,-1297
567964,112502,18648,54605,18648,14285,18901,2968,0,6.03,2.06,5.05,73253,32933,21869,35957,-4363,-15933
381696,42123,2731,5655,18645,14881,14735,153230,0,15.42,7.45,9.06,8386,33526,167965,2924,-3764,138495
387661,346921,18635,30504,18635,21440,6014,577261,1,18.62,11.37,1.12,49139,40075,583275,11869,2805,571247
8084,12554,18616,11919,18616,4702,5379,23379,1,0.67,1.05,0.64,30535,23318,28758,-6697,-13914,18000
259980,210425,18616,12642,18616,16729,13599,12736,0,11.30,16.64,1.24,31258,35345,26335,-5974,-1887,-863
448352,69540,18588,8848,18588,7728,5926,12842,1,3.74,7.86,6.45,27436,26316,18768,-9740,-10860,6916
2145416,114926,190316,16248,18561,17361,32424,210740,0,0.60,7.07,18.67,206564,35922,243164,-174068,-1200,178316
2819,15363,18548,4903,18548,4363,2654,14235,1,0.83,3.13,0.18,23451,22911,16889,-13645,-14185,11581
1316154,88022,18541,1380,18541,6376,1149,208613,1,4.75,63.78,14.95,19921,24917,209762,-17161,-12165,207464
791815,44721,18516,27886,18516,10936,5443,18625,0,2.42,1.60,17.71,46402,29452,24068,9370,-7580,13182
111418,58490,18510,8151,18510,5273,7423,5680,1,3.16,7.18,1.90,26661,23783,13103,-10359,-13237,-1743
95399,75146,18462,5285,18462,2385,1637,1410,1,4.07,14.22,1.27,23747,20847,3047,-13177,-16077,-227
70849,58634,18458,16664,18458,12148,4440,134265,0,3.18,3.52,1.21,35122,30606,138705,-1794,-6310,129825
30790,70569,18456,13249,18456,4046,2583,27775,1,3.82,5.33,0.44,31705,22502,30358,-5207,-14410,25192
396229,296800,230276,25473,18453,58195,7959,812481,0,1.29,11.65,1.34,255749,76648,820440,-204803,39742,804522
865626,65847,18434,12240,18434,15986,10131,8546,0,3.57,5.38,13.15,30674,34420,18677,-6194,-2448,-1585
87198,14022,18427,38030,18427,6371,1667,1794,1,0.76,0.37,6.22,56457,24798,3461,19603,-12056,127
34548,16557,18410,5323,18410,4795,3493,8729,1,0.90,3.11,2.09,23733,23205,12222,-13087,-13615,5236
444799,218180,80757,21289,18408,60539,1707,790074,0,2.70,10.25,2.04,102046,78947,791781,-59468,42131,788367
1044031,433547,699008,12923,18399,264062,4359,1612173,0,0.62,33.55,2.41,711931,282461,1616532,-686085,245663,1607814
8836,10034,18318,1785,18318,8478,2501,25639,1,0.55,5.62,0.88,20103,26796,28140,-16533,-9840,23138
158801,75171,18313,2371,18313,8348,3375,3369,1,4.10,31.70,2.11,20684,26661,6744,-15942,-9965,-6
84797,51060,18312,33967,18312,31483,16392,7095,0,2.79,1.50,1.66,52279,49795,23487,15655,13171,-9297
21907,7401,18310,15806,18310,34637,25816,22437,1,0.40,0.47,2.96,34116,52947,48253,-2504,16327,-3379
800180,137975,18297,9791,18297,6788,7414,14886,0,7.54,14.09,5.80,28088,25085,22300,-8506,-11509,7472
26196,49582,18276,8295,18276,56363,20536,8539,0,2.71,5.98,0.53,26571,74639,29075,-9981,38087,-11997
728820,140794,18265,16494,18265,5654,2549,137790,1,7.71,8.54,5.18,34759,23919,140339,-1771,-12611,135241
556675,194897,80798,20708,18239,15075,3616,187730,0,2.41,9.41,2.86,101506,33314,191346,-60090,-3164,184114
16289,14453,18238,10971,18238,6719,10808,16856,1,0.79,1.32,1.13,29209,24957,27664,-7267,-11519,6048
227643,8840,18235,1495,18235,974,397,61029,1,0.48,5.91,25.75,19730,19209,61426,-16740,-17261,60632
1008089,444299,18230,60959,18230,20078,19950,109490,1,24.37,7.29,2.27,79189,38308,129440,42729,1848,89540
276433,55052,18194,14707,18194,3063,1623,88467,0,3.03,3.74,5.02,32901,21257,90090,-3487,-15131,86844
1814499,203985,18157,69372,18157,36176,25957,792337,1,11.23,2.94,8.90,87529,54333,818294,51215,18019,766380
441970,196775,23841,18615,18153,22092,3558,473840,0,8.25,10.57,2.25,42456,40245,477398,-5226,3939,470282
3234,22185,18147,11872,18147,20511,3538,117326,1,1.22,1.87,0.15,30019,38658,120864,-6275,2364,113788
161702,157838,18143,17198,18143,5048,3720,5984,0,8.70,9.18,1.02,35341,23191,9704,-945,-13095,2264
10788,12087,18135,7177,18135,15164,8824,64931,1,0.67,1.68,0.89,25312,33299,73755,-10958,-2971,56107
1174716,46678,18127,4578,18127,6916,1814,170721,0,2.58,10.20,25.17,22705,25043,172535,-13549,-11211,168907
3695,35015,18085,4692,18085,10843,6375,16618,1,1.94,7.46,0.11,22777,28928,22993,-13393,-7242,10243
1657292,103328,18075,81947,18075,10838,5793,3452,0,5.72,1.26,16.04,100022,28913,9245,63872,-7237,-2341
2192132,344784,18059,39790,18059,74683,58801,18540,1,19.09,8.67,6.36,57849,92742,77341,21731,56624,-40261
333472,30181,18057,4312,18057,5988,10184,10156,1,1.67,7.00,11.05,22369,24045,20340,-13745,-12069,-28
603525,195233,18055,20933,18055,7731,46960,23892,1,10.81,9.33,3.09,38988,25786,70852,2878,-10324,-23068
1253382,178454,18041,9260,18041,6279,2020,146469,0,9.89,19.27,7.02,27301,24320,148489,-8781,-11762,144449
2677,24634,18039,16323,18039,5863,3870,67312,1,1.37,1.51,0.11,34362,23902,71182,-1716,-12176,63442
25256,56127,18004,9807,18004,3704,2083,3092,0,3.12,5.72,0.45,27811,21708,5175,-8197,-14300,1009
39178,13168,17988,21617,17988,5260,675,2358,0,0.73,0.61,2.98,39605,23248,3033,3629,-12728,1683
95843,22958,17978,39379,17978,7743,1962,3744,0,1.28,0.58,4.17,57357,25721,5706,21401,-10235,1782
20301,6063,17974,6330,17974,21630,6872,123901,0,0.34,0.96,3.35,24304,39604,130773,-11644,3656,117029
67798,34142,17964,26257,17964,7455,18426,523302,1,1.90,1.30,1.99,44221,25419,541728,8293,-10509,504876
139106,48581,17862,20808,17862,3032,5420,1106,1,2.72,2.33,2.86,38670,20894,6526,2946,-14830,-4314
10462,51238,17845,5683,17845,36008,10610,146625,1,2.87,9.02,0.20,23528,53853,157235,-12162,18163,136015
2554467,98466,17814,5208,17814,7454,5922,677267,1,5.53,18.91,25.94,23022,25268,683189,-12606,-10360,671345
218354,77650,17805,9476,17805,4441,4096,145487,1,4.36,8.19,2.81,27281,22246,149583,-8329,-13364,141391
660717,115206,17772,22518,17772,9153,15832,616268,1,6.48,5.12,5.74,40290,26925,632100,4746,-8619,600436
227312,82452,17769,5092,17769,10745,7510,2246,0,4.64,16.19,2.76,22861,28514,9756,-12677,-7024,-5264
242717,34266,17767,30440,17767,6921,12632,683835,1,1.93,1.13,7.08,48207,24688,696467,12673,-10846,671203
2045316,28657,17764,12861,17764,2192,2278,230745,1,1.61,2.23,71.37,30625,19956,233023,-4903,-15572,228467
87283,32538,17760,14733,17760,3173,5895,730080,1,1.83,2.21,2.68,32493,20933,735975,-3027,-14587,724185
28778,17745,17746,4599,17746,5561,1016,2367,0,1.00,3.86,1.62,22345,23307,3383,-13147,-12185,1351
1328257,97988,338938,8430,17735,30548,28260,220183,0,0.29,11.62,13.56,347368,48283,248443,-330508,12813,191923
33779,70836,17676,20286,17676,28821,9236,595984,1,4.01,3.49,0.48,37962,46497,605220,2610,11145,586748
651065,88864,17674,8633,17674,10149,4344,3766,1,5.03,10.29,7.33,26307,27823,8110,-9041,-7525,-578
436737,15297,17674,2347,17674,8688,4552,630017,1,0.87,6.52,28.55,20021,26362,634569,-15327,-8986,625465
594433,120456,17667,26119,17667,11965,5462,4639,0,6.82,4.61,4.93,43786,29632,10101,8452,-5702,-823
633869,179129,17649,23868,17649,13141,4219,161388,1,10.15,7.50,3.54,41517,30790,165607,6219,-4508,157169
233624,543134,102212,20019,17643,19604,4127,364235,0,5.31,27.13,0.43,122231,37247,368362,-82193,1961,360108
178745,54519,17640,8165,17640,5263,1484,67020,0,3.09,6.68,3.28,25805,22903,68504,-9475,-12377,65536
217061,23395,17622,12417,17622,4046,1289,2954,1,1.33,1.88,9.28,30039,21668,4243,-5205,-13576,1665
851046,42971,38625,26252,17604,17730,3123,370022,0,1.11,1.64,19.81,64877,35334,373145,-12373,126,366899
959983,212871,31880,54869,17582,86288,8978,495953,0,6.68,3.88,4.51,86749,103870,504931,22989,68706,486975
115907,122779,17580,9120,17580,9831,4622,1457,0,6.98,13.46,0.94,26700,27411,6079,-8460,-7749,-3165
265295,77686,17562,26358,17562,5396,5162,1547,1,4.42,2.95,3.41,43920,22958,6709,8796,-12166,-3615
958116,206970,13486,57821,17546,6764,2763,230316,0,15.35,3.58,4.63,71307,24310,233079,44335,-10782,227553
405987,185228,17546,34896,17546,4020,4210,19330,0,10.56,5.31,2.19,52442,21566,23540,17350,-13526,15120
129048,405469,17515,85030,17515,11389,17825,7577,0,23.15,4.77,0.32,102545,28904,25402,67515,-6126,-10248
519211,13129,17502,6781,17502,2589,1832,1629,1,0.75,1.94,39.55,24283,20091,3461,-10721,-14913,-203
83685,23103,17492,12334,17492,14455,3303,128060,0,1.32,1.87,3.62,29826,31947,131363,-5158,-3037,124757
173416,58574,17972,32824,17489,11653,1303,129449,0,3.26,1.78,2.96,50796,29142,130752,14852,-5836,128146
89759,57204,62012,3792,17480,6747,8620,42826,0,0.92,15.09,1.57,65804,24227,51446,-58220,-10733,34206
16665,10468,17468,10517,17468,18416,1240,41881,1,0.60,1.00,1.59,27985,35884,43121,-6951,948,40641
20594,45406,17426,15295,17426,3237,1632,56561,1,2.61,2.97,0.45,32721,20663,58193,-2131,-14189,54929
483482,257978,17426,14835,17426,8392,4278,1686,0,14.80,17.39,1.87,32261,25818,5964,-2591,-9034,-2592
760490,62780,17408,7419,17408,12978,6765,5692,0,3.61,8.46,12.11,24827,30386,12457,-9989,-4430,-1073
272676,38030,17379,8341,17379,6223,1002,1498,0,2.19,4.56,7.17,25720,23602,2500,-9038,-11156,496
735676,56752,17378,35767,17378,10617,4124,4485,0,3.27,1.59,12.96,53145,27995,8609,18389,-6761,361
1901337,333570,17359,105084,17359,14045,7969,627199,0,19.22,3.17,5.70,122443,31404,635168,87725,-3314,619230
655466,50266,17345,5805,17345,6954,4274,617483,0,2.90,8.66,13.04,23150,24299,621757,-11540,-10391,613209
109918,65049,17327,23343,17327,14956,2474,62191,0,3.75,2.79,1.69,40670,32283,64665,6016,-2371,59717
1113685,126244,17325,64431,17325,13403,12874,571780,1,7.29,1.96,8.82,81756,30728,584654,47106,-3922,558906
362635,26592,9129,44139,17299,7560,2631,67736,0,2.91,0.60,13.64,53268,24859,70367,35010,-9739,65105
916853,96832,164737,22740,17279,54184,1485,856956,0,0.59,4.26,9.47,187477,71463,858441,-141997,36905,855471
1915,14860,17269,8208,17269,10688,6266,174878,1,0.86,1.81,0.13,25477,27957,181144,-9061,-6581,168612
1140061,221211,17255,6620,17255,7870,3025,146133,1,12.82,33.42,5.15,23875,25125,149158,-10635,-9385,143108
133578,40814,17216,7587,17216,16904,291,108943,0,2.37,5.38,3.27,24803,34120,109234,-9629,-312,108652
527413,67810,17208,2948,17208,5780,6365,68399,0,3.94,23.00,7.78,20156,22988,74764,-14260,-11428,62034
92761,63945,17167,8965,17167,10671,4599,3014,1,3.72,7.13,1.45,26132,27838,7613,-8202,-6496,-1585
255826,66352,17166,20049,17166,15574,12952,5688,0,3.87,3.31,3.86,37215,32740,18640,2883,-1592,-7264
35920,12154,17161,10785,17161,3725,1836,50654,1,0.71,1.13,2.96,27946,20886,52490,-6376,-13436,48818
208145,22237,17135,12789,17135,1957,2385,235243,0,1.30,1.74,9.36,29924,19092,237628,-4346,-15178,232858
2227479,38765,98875,13149,17134,19718,3293,430276,0,0.39,2.95,57.46,112024,36852,433569,-85726,2584,426983
198670,183334,17134,7240,17134,14661,13248,82096,0,10.70,25.32,1.08,24374,31795,95344,-9894,-2473,68848
265318,64130,17120,34403,17120,3970,8231,2364,1,3.75,1.86,4.14,51523,21090,10595,17283,-13150,-5867
66391,53733,17107,27624,17107,5386,2011,1677,1,3.14,1.95,1.24,44731,22493,3688,10517,-11721,-334
317778,54981,17090,13347,17090,3498,4226,638452,1,3.22,4.12,5.78,30437,20588,642678,-3743,-13592,634226
1145559,447725,326339,25529,17032,219182,9604,1539358,0,1.37,17.54,2.56,351868,236214,1548962,-300810,202150,1529754
1298,10714,17032,12152,17032,4779,4755,157016,1,0.63,0.88,0.12,29184,21811,161771,-4880,-12253,152261
589346,25651,17027,24042,17027,6140,12861,7713,1,1.51,1.07,22.98,41069,23167,20574,7015,-10887,-5148
1012448,55515,52218,22911,17027,14422,5636,31917,0,1.06,2.42,18.24,75129,31449,37553,-29307,-2605,26281
2806213,190821,17006,34486,17006,29971,13791,5371,1,11.22,5.53,14.71,51492,46977,19162,17480,12965,-8420
143748,204762,16982,18916,16982,7487,4104,24125,0,12.06,10.82,0.70,35898,24469,28229,1934,-9495,20021
1309593,66165,16969,18208,16969,24109,6125,154487,1,3.90,3.63,19.79,35177,41078,160612,1239,7140,148362
1678247,64956,16920,49093,16920,9331,2517,309074,0,3.84,1.32,25.84,66013,26251,311591,32173,-7589,306557
260350,28819,16885,89709,16885,10237,7694,3864,0,1.71,0.32,9.03,106594,27122,11558,72824,-6648,-3830
37026,13697,16871,15819,16871,53055,14342,27147,1,0.81,0.87,2.70,32690,69926,41489,-1052,36184,12805
95639,51472,16861,21223,16861,24033,15421,50356,1,3.05,2.43,1.86,38084,40894,65777,4362,7172,34935
49173,29077,16803,23120,16803,6201,3581,4100,1,1.73,1.26,1.69,39923,23004,7681,6317,-10602,519
614355,168783,79115,21083,16799,10477,7081,225296,0,2.13,8.01,3.64,100198,27276,232377,-58032,-6322,218215
6767,5655,4314,29663,16794,11913,30176,216028,0,1.31,0.19,1.20,33977,28707,246204,25349,-4881,185852
6183,26234,10764,14177,16780,8855,9612,331389,0,2.44,1.85,0.24,24941,25635,341001,3413,-7925,321777
1032024,164767,84751,11950,16774,56028,2897,799282,0,1.94,13.79,6.26,96701,72802,802179,-72801,39254,796385
230520,226995,16770,30368,16770,17622,17556,75391,0,13.54,7.47,1.02,47138,34392,92947,13598,852,57835
81922,36341,16765,11548,16765,14349,8022,32704,1,2.17,3.15,2.25,28313,31114,40726,-5217,-2416,24682
42126,7015,16758,27083,16758,6661,3895,1073,0,0.42,0.26,6.01,43841,23419,4968,10325,-10097,-2822
2010,17198,16750,25585,16750,27070,10902,91998,1,1.03,0.67,0.12,42335,43820,102900,8835,10320,81096
550171,122197,16713,12802,16713,22160,14664,603838,1,7.31,9.55,4.50,29515,38873,618502,-3911,5447,589174
716798,44006,16701,25858,16701,14177,7246,91956,0,2.63,1.70,16.29,42559,30878,99202,9157,-2524,84710
1222559,137949,39696,41184,16694,10826,11401,539062,0,3.48,3.35,8.86,80880,27520,550463,1488,-5868,527661
118567,48796,16690,11229,16690,8469,2398,2137,1,2.92,4.35,2.43,27919,25159,4535,-5461,-8221,-261
609054,158402,101402,38352,16659,54666,6184,730806,0,1.56,4.13,3.84,139754,71325,736990,-63050,38007,724622
12036,43654,16628,17597,16628,33014,14503,26261,0,2.63,2.48,0.28,34225,49642,40764,969,16386,11758
612386,203218,16614,31711,16614,20335,6636,402056,0,12.23,6.41,3.01,48325,36949,408692,15097,3721,395420
1477001,56515,16612,22088,16612,8044,2628,3808,0,3.40,2.56,26.13,38700,24656,6436,5476,-8568,1180
389329,37713,16612,14207,16612,9647,9761,768364,1,2.27,2.65,10.32,30819,26259,778125,-2405,-6965,758603
86819,43219,16603,5460,16603,5048,3876,5423,1,2.60,7.92,2.01,22063,21651,9299,-11143,-11555,1547
310652,117342,16585,12570,16585,4959,5005,3246,1,7.08,9.34,2.65,29155,21544,8251,-4015,-11626,-1759
1178721,12439,16583,14362,16583,15639,2303,209526,1,0.75,0.87,94.76,30945,32222,211829,-2221,-944,207223
5210,20419,16567,6034,16567,6343,3941,38085,1,1.23,3.38,0.26,22601,22910,42026,-10533,-10224,34144
104350,79785,16567,16048,16567,12462,17725,53090,0,4.82,4.97,1.31,32615,29029,70815,-519,-4105,35365
18498,31733,16565,27963,16565,35133,14886,12274,1,1.92,1.13,0.58,44528,51698,27160,11398,18568,-2612
713191,307807,36481,20736,16563,15116,4147,162246,0,8.44,14.84,2.32,57217,31679,166393,-15745,-1447,158099
144166,26580,16550,32475,16550,4483,3885,4448,0,1.61,0.82,5.42,49025,21033,8333,15925,-12067,563
617625,396628,16499,25046,16499,29541,21207,66142,0,24.04,15.84,1.56,41545,46040,87349,8547,13042,44935
39641,39194,16496,6644,16496,2841,1101,415,1,2.38,5.90,1.01,23140,19337,1516,-9852,-13655,-686
147604,44877,16493,10718,16493,1216,586,64691,1,2.72,4.19,3.29,27211,17709,65277,-5775,-15277,64105
1602713,289262,14291,13484,16482,13044,5244,290143,0,20.24,21.45,5.54,27775,29526,295387,-807,-3438,284899
671839,131847,16481,7033,16481,7119,3882,8036,1,8.00,18.75,5.10,23514,23600,11918,-9448,-9362,4154
455385,184692,16474,24717,16474,45596,27672,12070,0,11.21,7.47,2.47,41191,62070,39742,8243,29122,-15602
607046,394531,279778,19826,16469,160484,4546,1201923,0,1.41,19.90,1.54,299604,176953,1206469,-259952,144015,1197377
1514369,124982,125395,7384,16465,83395,3429,1168278,0,1.00,16.93,12.12,132779,99860,1171707,-118011,66930,1164849
121420,77574,16451,5160,16451,3676,5354,3336,1,4.72,15.03,1.57,21611,20127,8690,-11291,-12775,-2018
118794,11973,16450,4736,16450,3137,2048,1966,0,0.73,2.53,9.92,21186,19587,4014,-11714,-13313,-82
99598,75510,16419,9450,16419,6908,19058,8797,1,4.60,7.99,1.32,25869,23327,27855,-6969,-9511,-10261
88221,35218,16413,1668,16413,1754,350,53628,1,2.15,21.11,2.50,18081,18167,53978,-14745,-14659,53278
8125,12636,16399,6737,16399,4735,3329,53386,1,0.77,1.88,0.64,23136,21134,56715,-9662,-11664,50057
4940,24538,16388,14655,16388,21841,4996,101689,1,1.50,1.67,0.20,31043,38229,106685,-1733,5453,96693
1191479,1088117,189126,123604,16386,294231,5287,2163430,0,5.75,8.80,1.09,312730,310617,2168717,-65522,277845,2158143
12225,21903,16386,6463,16386,15495,5346,164444,1,1.34,3.39,0.56,22849,31881,169790,-9923,-891,159098
380267,41016,16379,35113,16379,5686,7874,693503,1,2.50,1.17,9.27,51492,22065,701377,18734,-10693,685629
137656,22925,16340,5073,16340,5984,492,136192,1,1.40,4.52,6.00,21413,22324,136684,-11267,-10356,135700
1071808,58335,2451,58487,16338,15204,5920,428643,0,23.80,1.00,18.37,60938,31542,434563,56036,-1134,422723
302879,339646,52517,10278,16336,21271,2891,627357,0,6.47,33.05,0.89,62795,37607,630248,-42239,4935,624466
52344,39383,16332,14095,16332,35658,21154,81863,0,2.41,2.79,1.33,30427,51990,103017,-2237,19326,60709
9011,18283,16309,4025,16309,3268,5122,30534,1,1.12,4.54,0.49,20334,19577,35656,-12284,-13041,25412
355985,30946,16309,16741,16309,7429,4429,11680,0,1.90,1.85,11.50,33050,23738,16109,432,-8880,7251
839194,108966,16304,11498,16304,7221,9588,5650,0,6.68,9.48,7.70,27802,23525,15238,-4806,-9083,-3938
535539,140877,16300,31136,16300,28322,8559,565886,1,8.64,4.52,3.80,47436,44622,574445,14836,12022,557327
7052,20069,16287,52792,16287,14708,5777,113949,1,1.23,0.38,0.35,69079,30995,119726,36505,-1579,108172
805118,373810,16268,16522,16268,30881,8029,28497,0,22.98,22.62,2.15,32790,47149,36526,254,14613,20468
455861,302177,111673,34318,16257,35520,57978,244238,0,2.71,8.81,1.51,145991,51777,302216,-77355,19263,186260
1302183,82888,88088,38628,16255,15389,4721,370987,0,0.94,2.15,15.71,126716,31644,375708,-49460,-866,366266
2477374,52117,16251,7811,16251,7983,7136,7553,0,3.21,6.67,47.53,24062,24234,14689,-8440,-8268,417
332931,40375,16231,4447,16231,4278,5678,3036,0,2.49,9.08,8.25,20678,20509,8714,-11784,-11953,-2642
65720,252371,16228,10634,16228,21483,7272,546418,1,15.55,23.73,0.26,26862,37711,553690,-5594,5255,539146
70835,27851,16212,1745,16212,16811,10087,54825,1,1.72,15.96,2.54,17957,33023,64912,-14467,599,44738
250694,19071,16175,8013,16175,1307,644,959,1,1.18,2.38,13.15,24188,17482,1603,-8162,-14868,315
70601,39719,16156,12163,16156,3827,518,1017,0,2.46,3.27,1.78,28319,19983,1535,-3993,-12329,499
407878,131611,16146,46711,16146,6648,10210,646044,1,8.15,2.82,3.10,62857,22794,656254,30565,-9498,635834
608830,8550,16140,6519,16140,2390,2176,866,0,0.53,1.31,71.21,22659,18530,3042,-9621,-13750,-1310
1045493,190279,42982,29905,16120,27083,13610,40929,0,4.43,6.36,5.49,72887,43203,54539,-13077,10963,27319
112884,18769,16091,3615,16091,6885,3144,666530,1,1.17,5.19,6.01,19706,22976,669674,-12476,-9206,663386
1359412,99339,16086,29172,16086,7012,3900,219674,0,6.18,3.41,13.68,45258,23098,223574,13086,-9074,215774
82778,48489,16081,7244,16081,8971,3217,1034,0,3.02,6.69,1.71,23325,25052,4251,-8837,-7110,-2183
937083,60704,16080,19242,16080,14752,3245,2174,1,3.78,3.15,15.44,35322,30832,5419,3162,-1328,-1071
76959,19857,16077,21508,16077,1983,2913,1568,1,1.24,0.92,3.88,37585,18060,4481,5431,-14094,-1345
417376,33258,16071,9056,16071,5699,7504,3360,0,2.07,3.67,12.55,25127,21770,10864,-7015,-10372,-4144
394738,24723,16053,60965,16053,12675,15685,6698,0,1.54,0.41,15.97,77018,28728,22383,44912,-3378,-8987
42163,53084,16046,4764,16046,9062,2515,110043,0,3.31,11.14,0.79,20810,25108,112558,-11282,-6984,107528
544025,90363,16038,18385,16038,23054,17893,4952,0,5.63,4.92,6.02,34423,39092,22845,2347,7016,-12941
30184,14321,16033,11051,16033,11835,4326,93152,1,0.89,1.30,2.11,27084,27868,97478,-4982,-4198,88826
189677,67437,15989,11525,15989,12036,4709,4737,0,4.22,5.85,2.81,27514,28025,9446,-4464,-3953,28
65180,72635,15981,4543,15981,9080,4491,603589,1,4.55,15.99,0.90,20524,25061,608080,-11438,-6901,599098
1056254,25882,15962,835,15962,2640,569,1148,1,1.62,31.00,40.81,16797,18602,1717,-15127,-13322,579
84875,21971,15945,6001,15945,8688,2982,45243,1,1.38,3.66,3.86,21946,24633,48225,-9944,-7257,42261
30022,74018,15932,5141,15932,9231,20206,42988,1,4.65,14.40,0.41,21073,25163,63194,-10791,-6701,22782
239317,83408,15918,22642,15918,22869,9538,96174,0,5.24,3.68,2.87,38560,38787,105712,6724,6951,86636
806244,139294,145248,21669,15909,53419,3177,774407,0,0.96,6.43,5.79,166917,69328,777584,-123579,37510,771230
183127,83282,15877,1760,15877,5934,3545,197848,0,5.25,47.32,2.20,17637,21811,201393,-14117,-9943,194303
1079012,211773,71868,27308,15855,25740,2288,389570,0,2.95,7.75,5.10,99176,41595,391858,-44560,9885,387282
869420,28198,19361,48630,15846,10395,1632,344696,0,1.46,0.58,30.83,67991,26241,346328,29269,-5451,343064
187974,89759,15835,60149,15835,14473,7857,3445,1,5.67,1.49,2.09,75984,30308,11302,44314,-1362,-4412
128941,26525,15832,65912,15832,7001,4366,3597,1,1.68,0.40,4.86,81744,22833,7963,50080,-8831,-769
186152,65381,15828,34873,15828,8884,6350,6980,1,4.13,1.87,2.85,50701,24712,13330,19045,-6944,630
2096,18934,15819,11856,15819,4506,4447,32417,1,1.20,1.60,0.11,27675,20325,36864,-3963,-11313,27970
178773,21161,15803,12175,15803,5726,1667,52956,1,1.34,1.74,8.45,27978,21529,54623,-3628,-10077,51289
935792,216821,131318,49503,15797,217801,10921,1308976,0,1.65,4.38,4.32,180821,233598,1319897,-81815,202004,1298055
787837,65933,83523,31480,15795,21045,3457,443989,0,0.79,2.09,11.95,115003,36840,447446,-52043,5250,440532
1130,35035,15781,17098,15781,4233,1791,40371,1,2.22,2.05,0.03,32879,20014,42162,1317,-11548,38580
472802,13272,12772,48412,15771,34308,17101,323758,0,1.04,0.27,35.62,61184,50079,340859,35640,18537,306657
6959,6572,15744,17739,15744,3905,4673,26887,1,0.42,0.37,1.06,33483,19649,31560,1995,-11839,22214
97822,109396,6163,4346,15743,8748,3107,16262,0,17.75,25.17,0.89,10509,24491,19369,-1817,-6995,13155
1495282,86221,20115,21647,15725,9048,5106,240287,0,4.29,3.98,17.34,41762,24773,245393,1532,-6677,235181
28334,13141,15724,13164,15724,22225,7589,88103,0,0.84,1.00,2.16,28888,37949,95692,-2560,6501,80514
63441,34906,15703,4714,15703,3201,1000,62904,1,2.22,7.40,1.82,20417,18904,63904,-10989,-12502,61904
3305,51484,15698,14686,15698,8772,1967,58378,1,3.28,3.51,0.06,30384,24470,60345,-1012,-6926,56411
47050,21932,15684,15008,15684,3591,4078,4552,0,1.40,1.46,2.15,30692,19275,8630,-676,-12093,474
1182529,199056,99435,24572,15667,79275,12732,680739,0,2.00,8.10,5.94,124007,94942,693471,-74863,63608,668007
1227510,113211,15657,16245,15657,6606,5531,2962,0,7.23,6.97,10.84,31902,22263,8493,588,-9051,-2569
669590,61466,15624,35497,15624,3625,1791,199518,1,3.93,1.73,10.89,51121,19249,201309,19873,-11999,197727
200630,60920,15606,10562,15606,19441,23069,1770,0,3.90,5.77,3.29,26168,35047,24839,-5044,3835,-21299
2261713,66599,15576,14011,15576,15484,6776,2493,0,4.28,4.75,33.96,29587,31060,9269,-1565,-92,-4283
1509312,78236,15568,5006,15568,5526,2978,2633,1,5.03,15.63,19.29,20574,21094,5611,-10562,-10042,-345
48617,4095,15565,3810,15565,5962,5977,4010,1,0.26,1.07,11.87,19375,21527,9987,-11755,-9603,-1967
7200,18318,15563,3071,15563,32594,10670,36207,1,1.18,5.96,0.39,18634,48157,46877,-12492,17031,25537
48414,64212,15559,10090,15559,21861,15795,9930,0,4.13,6.36,0.75,25649,37420,25725,-5469,6302,-5865
54676,21765,15556,17596,15556,7769,4262,2231,1,1.40,1.24,2.51,33152,23325,6493,2040,-7787,-2031
45683,13520,15550,1541,15550,5758,2723,79992,1,0.87,8.77,3.38,17091,21308,82715,-14009,-9792,77269
416575,42748,15548,3976,15548,6088,3184,152333,1,2.75,10.75,9.74,19524,21636,155517,-11572,-9460,149149
48962,16284,15535,47563,15535,12293,7332,3019,0,1.05,0.34,3.01,63098,27828,10351,32028,-3242,-4313
1484426,211468,15519,25825,15519,15627,10423,7023,0,13.63,8.19,7.02,41344,31146,17446,10306,108,-3400
85934,7435,15508,5677,15508,3340,1065,29168,0,0.48,1.31,11.56,21185,18848,30233,-9831,-12168,28103
76688,135031,15507,28374,15507,6829,14573,6041,0,8.71,4.76,0.57,43881,22336,20614,12867,-8678,-8532
4865,4798,15496,14057,15496,34069,6114,95149,1,0.31,0.34,1.01,29553,49565,101263,-1439,18573,89035
237378,45526,15483,4192,15483,5807,4089,59445,0,2.94,10.86,5.21,19675,21290,63534,-11291,-9676,55356
81994,13409,15478,2639,15478,2402,2398,1399,0,0.87,5.08,6.11,18117,17880,3797,-12839,-13076,-999
85992,18731,15430,24149,15430,10554,2796,2447,0,1.21,0.78,4.59,39579,25984,5243,8719,-4876,-349
3252,15455,15430,5838,15430,12732,5064,90734,1,1.00,2.65,0.21,21268,28162,95798,-9592,-2698,85670
1036098,179614,15426,15337,15426,10499,10488,191814,0,11.64,11.71,5.77,30763,25925,202302,-89,-4927,181326
369542,10801,15423,5372,15423,11887,1174,121625,0,0.70,2.01,34.21,20795,27310,122799,-10051,-3536,120451
802965,67901,21091,19171,15422,10156,3328,141370,0,3.22,3.54,11.83,40262,25578,144698,-1920,-5266,138042
626236,99076,15419,23498,15419,3719,2817,167999,1,6.43,4.22,6.32,38917,19138,170816,8079,-11700,165182
63084,19344,15409,3643,15409,4218,1518,20528,0,1.26,5.31,3.26,19052,19627,22046,-11766,-11191,19010
262510,50275,15400,11354,15400,12888,1755,671892,1,3.26,4.43,5.22,26754,28288,673647,-4046,-2512,670137
1091229,256011,26410,68031,15394,17226,6119,309148,0,9.69,3.76,4.26,94441,32620,315267,41621,1832,303029
34447,18486,15387,18539,15387,18566,4705,9532,0,1.20,1.00,1.86,33926,33953,14237,3152,3179,4827
641974,390626,15385,33575,15385,18407,4500,5218,0,25.39,11.63,1.64,48960,33792,9718,18190,3022,718
25163,22048,15370,10192,15370,4361,1707,67496,1,1.43,2.16,1.14,25562,19731,69203,-5178,-11009,65789
161454,14207,15336,4642,15336,5580,1963,5179,0,0.93,3.06,11.36,19978,20916,7142,-10694,-9756,3216
77350,77697,15332,17461,15332,3966,1997,2739,0,5.07,4.45,1.00,32793,19298,4736,2129,-11366,742
1140792,178382,87337,28043,15330,17005,11676,237056,0,2.04,6.36,6.40,115380,32335,248732,-59294,1675,225380
482410,174929,32592,38846,15321,6167,9319,238766,0,5.37,4.50,2.76,71438,21488,248085,6254,-9154,229447
720188,384107,319216,5793,15303,71240,4840,835600,0,1.20,66.31,1.87,325009,86543,840440,-313423,55937,830760
270575,289152,15299,11993,15299,12415,19409,7403,0,18.90,24.11,0.94,27292,27714,26812,-3306,-2884,-12006
740781,287945,15276,21517,15276,8604,2687,3468,0,18.85,13.38,2.57,36793,23880,6155,6241,-6672,781
146104,53852,15273,9889,15273,4678,3150,7218,1,3.53,5.45,2.71,25162,19951,10368,-5384,-10595,4068
2268,8585,15258,19233,15258,13543,14850,91857,1,0.56,0.45,0.26,34491,28801,106707,3975,-1715,77007
114451,21304,15247,5390,15247,5350,2062,159819,1,1.40,3.95,5.37,20637,20597,161881,-9857,-9897,157757
27245,19657,15231,7135,15231,5696,1482,67783,1,1.29,2.76,1.39,22366,20927,69265,-8096,-9535,66301
466642,36399,15229,10765,15229,25483,4639,168234,1,2.39,3.38,12.82,25994,40712,172873,-4464,10254,163595
224779,32300,15227,34782,15227,3848,3457,2430,1,2.12,0.93,6.96,50009,19075,5887,19555,-11379,-1027
1517211,86359,15224,16075,15224,11127,1834,186960,1,5.67,5.37,17.57,31299,26351,188794,851,-4097,185126
94574,50808,15199,11549,15199,12944,3937,632365,1,3.34,4.40,1.86,26748,28143,636302,-3650,-2255,628428
1028439,37478,15968,44697,15175,27848,1934,501804,0,2.35,0.84,27.44,60665,43023,503738,28729,12673,499870
43324,46799,20043,26060,15161,29668,26920,235845,0,2.33,1.80,0.93,46103,44829,262765,6017,14507,208925
38193,41595,15149,45750,15149,5046,5608,2414,1,2.75,0.91,0.92,60899,20195,8022,30601,-10103,-3194
473226,22895,15143,8135,15143,6123,7338,6806,1,1.51,2.81,20.67,23278,21266,14144,-7008,-9020,-532
772712,147401,15138,6856,15138,11368,6722,6962,1,9.74,21.50,5.24,21994,26506,13684,-8282,-3770,240
507459,32629,15127,2659,15127,7426,8372,708108,1,2.16,12.27,15.55,17786,22553,716480,-12468,-7701,699736
1582611,100918,28572,11921,15106,11044,6771,225695,0,3.53,8.47,15.68,40493,26150,232466,-16651,-4062,218924
1406259,81318,20972,15048,15087,5530,1174,67601,0,3.88,5.40,17.29,36020,20617,68775,-5924,-9557,66427
159423,73412,15069,22633,15069,3766,1952,640,0,4.87,3.24,2.17,37702,18835,2592,7564,-11303,-1312
24824,42009,15067,13400,15067,16356,7949,102373,0,2.79,3.14,0.59,28467,31423,110322,-1667,1289,94424
1054154,180881,15055,8565,15055,9094,6043,138103,1,12.01,21.12,5.83,23620,24149,144146,-6490,-5961,132060
31762,13361,15038,11481,15038,26624,10120,37979,1,0.89,1.16,2.38,26519,41662,48099,-3557,11586,27859
168391,22770,15021,102750,15021,4735,5176,3383,1,1.52,0.22,7.40,117771,19756,8559,87729,-10286,-1793
130492,46291,15003,15221,15003,4581,1176,1090,1,3.09,3.04,2.82,30224,19584,2266,218,-10422,-86
969841,204328,14992,18522,14992,6636,7622,698835,1,13.63,11.03,4.75,33514,21628,706457,3530,-8356,691213
878830,50154,14987,28374,14987,18341,20981,19225,0,3.35,1.77,17.52,43361,33328,40206,13387,3354,-1756
559111,141880,130611,22769,14942,110414,2248,833701,0,1.09,6.23,3.94,153380,125356,835949,-107842,95472,831453
369625,42427,17348,19397,14931,3788,1246,89775,0,2.45,2.19,8.71,36745,18719,91021,2049,-11143,88529
50536,13108,14924,5652,14924,3643,3824,1795,1,0.88,2.32,3.86,20576,18567,5619,-9272,-11281,-2029
17661,10594,14922,12713,14922,13888,8122,24379,1,0.71,0.83,1.67,27635,28810,32501,-2209,-1034,16257
366048,16867,14919,7560,14919,11376,13399,22283,1,1.13,2.23,21.70,22479,26295,35682,-7359,-3543,8884
755250,1429987,261318,12641,14917,259325,6881,1682637,0,5.47,113.12,0.53,273959,274242,1689518,-248677,244408,1675756
131133,18259,14917,13849,14917,18567,8836,24303,1,1.22,1.32,7.18,28766,33484,33139,-1068,3650,15467
1039841,69816,62972,20127,14895,7237,5579,150477,0,1.11,3.47,14.89,83099,22132,156056,-42845,-7658,144898
2129,5900,14861,2905,14861,8237,4951,65528,0,0.40,2.03,0.36,17766,23098,70479,-11956,-6624,60577
370068,262339,65251,6559,14852,65346,3378,636418,0,4.02,40.00,1.41,71810,80198,639796,-58692,50494,633040
982151,68066,14836,16587,14836,32761,7787,89279,0,4.59,4.10,14.43,31423,47597,97066,1751,17925,81492
34338,13294,14835,9238,14835,9373,2401,1535,0,0.90,1.44,2.58,24073,24208,3936,-5597,-5462,-866
156343,192926,14823,5971,14823,6690,14380,779264,1,13.02,32.31,0.81,20794,21513,793644,-8852,-8133,764884
51750,33675,14806,10523,14806,11632,11269,136995,0,2.27,3.20,1.54,25329,26438,148264,-4283,-3174,125726
426189,141858,14805,10566,14805,4549,11070,3419,1,9.58,13.43,3.00,25371,19354,14489,-4239,-10256,-7651
568202,55348,14800,10597,14800,22384,9234,12473,0,3.74,5.22,10.27,25397,37184,21707,-4203,7584,3239
298614,142736,58636,33485,14790,10087,8032,64800,0,2.43,4.26,2.09,92121,24877,72832,-25151,-4703,56768
241288,44764,14784,2859,14784,5488,4152,30627,0,3.03,15.66,5.39,17643,20272,34779,-11925,-9296,26475
10547,6448,14778,23010,14778,13499,9876,7663,0,0.44,0.28,1.64,37788,28277,17539,8232,-1279,-2213
5795,45951,14760,19044,14760,21889,4076,137224,1,3.11,2.41,0.13,33804,36649,141300,4284,7129,133148
622064,14664,14730,6626,14730,1685,1741,339,0,1.00,2.21,42.42,21356,16415,2080,-8104,-13045,-1402
20054,29861,14698,50166,14698,3454,6651,4378,1,2.03,0.60,0.67,64864,18152,11029,35468,-11244,-2273
64838,72966,14690,19207,14690,12062,11179,4525,0,4.97,3.80,0.89,33897,26752,15704,4517,-2628,-6654
427803,121680,14682,2833,14682,4008,1844,1321,1,8.29,42.95,3.52,17515,18690,3165,-11849,-10674,-523
149458,56583,14674,53388,14674,4506,5986,2518,0,3.86,1.06,2.64,68062,19180,8504,38714,-10168,-3468
5516,23311,14698,22184,14673,2540,2584,283682,0,1.59,1.05,0.24,36882,17213,286266,7486,-12133,281098
1561899,42402,14669,18998,14669,7939,5875,7207,1,2.89,2.23,36.84,33667,22608,13082,4329,-6730,1332
289839,100498,14666,9551,14666,3795,1108,11891,0,6.85,10.52,2.88,24217,18461,12999,-5115,-10871,10783
726757,439977,180019,66031,14651,259984,5186,1311060,0,2.44,6.66,1.65,246050,274635,1316246,-113988,245333,1305874
14910,2476,14646,4539,14646,7468,15748,80211,1,0.17,0.55,6.02,19185,22114,95959,-10107,-7178,64463
830248,125661,14640,7172,14640,5436,3559,4745,1,8.58,17.52,6.61,21812,20076,8304,-7468,-9204,1186
529323,182760,22974,28255,14629,13764,3723,382958,0,7.96,6.47,2.90,51229,28393,386681,5281,-865,379235
49237,17696,14627,21593,14627,5280,1891,2517,1,1.21,0.82,2.78,36220,19907,4408,6966,-9347,626
17057,9868,14618,9060,14618,10685,1228,58594,1,0.68,1.09,1.73,23678,25303,59822,-5558,-3933,57366
507133,276875,14585,33934,14585,28504,25722,18168,0,18.98,8.16,1.83,48519,43089,43890,19349,13919,-7554
123522,64280,14572,24269,14572,6652,6363,2140,1,4.41,2.65,1.92,38841,21224,8503,9697,-7920,-4223
6003,15573,14567,9045,14567,2889,2903,2699,1,1.07,1.72,0.39,23612,17456,5602,-5522,-11678,-204
37410,28245,10756,33447,14558,12490,5303,472086,0,2.63,0.84,1.32,44203,27048,477389,22691,-2068,466783
1428789,294607,14558,38848,14558,23199,5563,279827,0,20.24,7.58,4.85,53406,37757,285390,24290,8641,274264
14504,6340,14546,2875,14546,5709,5760,2045,1,0.44,2.21,2.29,17421,20255,7805,-11671,-8837,-3715
18053,41939,14532,18741,14532,29023,4897,49849,1,2.89,2.24,0.43,33273,43555,54746,4209,14491,44952
33284,6049,14525,24396,14525,10453,9379,19407,1,0.42,0.25,5.50,38921,24978,28786,9871,-4072,10028
1347961,32930,41208,38795,14523,17108,1727,425723,0,0.80,0.85,40.93,80003,31631,427450,-2413,2585,423996
1586283,31679,14522,12583,14522,5939,2672,2164,1,2.18,2.52,50.07,27105,20461,4836,-1939,-8583,-508
6945,9907,14495,24585,14495,40114,11317,13319,1,0.68,0.40,0.70,39080,54609,24636,10090,25619,2002
47180,33826,14446,6945,14446,6947,7195,38841,1,2.34,4.87,1.39,21391,21393,46036,-7501,-7499,31646
439562,223706,14443,3974,14443,7716,2462,197358,1,15.49,56.29,1.96,18417,22159,199820,-10469,-6727,194896
11196,24365,14424,4442,14424,5763,3381,6646,1,1.69,5.49,0.46,18866,20187,10027,-9982,-8661,3265
1831645,214244,171553,30440,14418,19291,2516,444380,0,1.25,7.04,8.55,201993,33709,446896,-141113,4873,441864
169247,18878,14411,55087,14411,5175,2543,2215,0,1.31,0.34,8.97,69498,19586,4758,40676,-9236,-328
2359,21740,14409,12999,14409,6973,1571,40716,1,1.51,1.67,0.11,27408,21382,42287,-1410,-7436,39145
31504,7081,14397,21885,14397,7459,9845,4839,1,0.49,0.32,4.45,36282,21856,14684,7488,-6938,-5006
1695760,115029,15630,41205,14384,4857,4124,228034,0,7.36,2.79,14.74,56835,19241,232158,25575,-9527,223910
1031814,144960,14382,6236,14382,4029,1645,228014,1,10.08,23.25,7.12,20618,18411,229659,-8146,-10353,226369
115581,20107,14371,39348,14371,5922,5244,4415,0,1.40,0.51,5.75,53719,20293,9659,24977,-8449,-829
22460,14306,14365,15755,14365,5452,2687,38970,1,1.00,0.91,1.57,30120,19817,41657,1390,-8913,36283
1977307,170401,30876,11041,14361,26414,17819,386197,0,5.52,15.43,11.60,41917,40775,404016,-19835,12053,368378
248109,49067,14355,8222,14355,10741,6200,590686,1,3.42,5.97,5.06,22577,25096,596886,-6133,-3614,584486
191741,51750,41982,12522,14348,4224,1198,101428,0,1.23,4.13,3.71,54504,18572,102626,-29460,-10124,100230
1278583,122492,21139,2371,14334,10097,10887,186082,0,5.79,51.66,10.44,23510,24431,196969,-18768,-4237,175195
2182725,246746,66880,21521,14324,11230,6970,111100,0,3.69,11.47,8.85,88401,25554,118070,-45359,-3094,104130
301915,421490,14318,112469,14318,24787,2814,904110,1,29.44,3.75,0.72,126787,39105,906924,98151,10469,901296
37412,21526,14315,15976,14315,6248,5907,41633,0,1.50,1.35,1.74,30291,20563,47540,1661,-8067,35726
5046,11636,14294,33349,14294,10816,2043,1993,1,0.81,0.35,0.43,47643,25110,4036,19055,-3478,-50
451508,95063,14293,16302,14293,7595,5564,1309,1,6.65,5.83,4.75,30595,21888,6873,2009,-6698,-4255
1789125,168585,14291,41932,14291,13170,10776,3051,0,11.80,4.02,10.61,56223,27461,13827,27641,-1121,-7725
631122,175405,31973,62372,14291,14792,2429,383622,0,5.49,2.81,3.60,94345,29083,386051,30399,501,381193
427917,39258,14274,4479,14274,5737,3467,1478,0,2.75,8.76,10.90,18753,20011,4945,-9795,-8537,-1989
76424,18223,14253,12322,14253,3869,2573,2847,0,1.28,1.48,4.19,26575,18122,5420,-1931,-10384,274
807244,120959,28680,14389,14246,7886,6239,181029,0,4.22,8.41,6.67,43069,22132,187268,-14291,-6360,174790
271476,61390,14241,41999,14241,4336,3252,1435,1,4.31,1.46,4.42,56240,18577,4687,27758,-9905,-1817
616949,377488,70936,27858,14230,38829,3666,589882,0,5.32,13.55,1.63,98794,53059,593548,-43078,24599,586216
23258,17556,14225,5522,14225,8890,4102,3327,1,1.23,3.18,1.32,19747,23115,7429,-8703,-5335,-775
555298,81709,14219,56107,14219,8275,9674,10801,0,5.75,1.46,6.80,70326,22494,20475,41888,-5944,1127
3076,8646,8200,13005,14206,3212,6175,370582,0,1.05,0.66,0.36,21205,17418,376757,4805,-10994,364407
56865,41593,14194,12110,14194,3293,4253,2006,1,2.93,3.43,1.37,26304,17487,6259,-2084,-10901,-2247
36717,31726,14176,12375,14176,7737,2123,1789,1,2.24,2.56,1.16,26551,21913,3912,-1801,-6439,-334
14299,9078,14168,5066,14168,12568,3411,46504,1,0.64,1.79,1.58,19234,26736,49915,-9102,-1600,43093
201170,89491,14168,22844,14168,23068,4424,101054,0,6.32,3.92,2.25,37012,37236,105478,8676,8900,96630
48239,15895,14153,6243,14153,5906,1887,2739,1,1.12,2.55,3.03,20396,20059,4626,-7910,-8247,852
121981,59343,14131,50025,14131,6010,3678,3166,1,4.20,1.19,2.06,64156,20141,6844,35894,-8121,-512
157228,62602,14130,23777,14130,4409,2288,3086,1,4.43,2.63,2.51,37907,18539,5374,9647,-9721,798
6877,14112,14115,19807,14115,7740,4564,28448,1,1.00,0.71,0.49,33922,21855,33012,5692,-6375,23884
376319,61133,14102,10712,14102,9004,8607,2256,1,4.34,5.71,6.16,24814,23106,10863,-3390,-5098,-6351
1494822,131510,79863,21876,14096,40335,5888,185060,0,1.65,6.01,11.37,101739,54431,190948,-57987,26239,179172
1009049,324115,18217,6103,14087,37406,4137,539474,0,17.79,53.11,3.11,24320,51493,543611,-12114,23319,535337
517338,49635,14065,41598,14065,6770,4145,6252,1,3.53,1.19,10.42,55663,20835,10397,27533,-7295,2107
119255,38942,14059,11307,14059,5777,1073,884,0,2.77,3.44,3.06,25366,19836,1957,-2752,-8282,-189
71235,21437,14055,2352,14055,5478,2290,1825,1,1.53,9.11,3.32,16407,19533,4115,-11703,-8577,-465
32797,56700,14055,12241,14055,23934,6293,330346,0,4.03,4.63,0.58,26296,37989,336639,-1814,9879,324053
1653254,113771,31957,7916,14037,7315,8391,221587,0,3.56,14.37,14.53,39873,21352,229978,-24041,-6722,213196
487509,258217,205578,18402,14030,8620,1955,353927,0,1.26,14.03,1.89,223980,22650,355882,-187176,-5410,351972
14012,44761,14025,6748,14025,13800,4818,629300,1,3.19,6.63,0.31,20773,27825,634118,-7277,-225,624482
9077,7940,14019,43057,14019,11500,10202,57520,1,0.57,0.18,1.14,57076,25519,67722,29038,-2519,47318
894348,112117,14005,3538,14005,3826,2478,175456,0,8.01,31.69,7.98,17543,17831,177934,-10467,-10179,172978
1002561,44777,3873,2749,13998,6417,1801,226602,0,11.56,16.29,22.39,6622,20415,228403,-1124,-7581,224801
696436,61693,13997,51561,13997,5501,8120,2636,1,4.41,1.20,11.29,65558,19498,10756,37564,-8496,-5484
23015,15650,13995,2307,13995,2961,5106,714144,1,1.12,6.78,1.47,16302,16956,719250,-11688,-11034,709038
16481,12805,13980,13731,13980,6786,3489,25905,1,0.92,0.93,1.29,27711,20766,29394,-249,-7194,22416
492477,12663,77981,69751,13973,22868,1907,483614,0,0.16,0.18,38.89,147732,36841,485521,-8230,8895,481707
642093,17456,13952,5431,13952,6105,1470,910,0,1.25,3.21,36.78,19383,20057,2380,-8521,-7847,-560
4698,93034,13940,26497,13940,10723,3183,38757,1,6.67,3.51,0.05,40437,24663,41940,12557,-3217,35574
22992,73387,13939,10615,13939,7909,1691,69845,1,5.26,6.91,0.31,24554,21848,71536,-3324,-6030,68154
626142,26501,13934,7230,13934,2428,873,69085,0,1.90,3.67,23.63,21164,16362,69958,-6704,-11506,68212
721859,30126,13932,21661,13932,5879,5854,669252,1,2.16,1.39,23.96,35593,19811,675106,7729,-8053,663398
23235,28456,24764,13856,13919,8676,6068,337242,0,1.15,2.05,0.82,38620,22595,343310,-10908,-5243,331174
55022,12940,13918,6308,13918,2241,822,596,0,0.93,2.05,4.25,20226,16159,1418,-7610,-11677,-226
193021,108826,13912,7690,13912,17740,13311,112013,0,7.82,14.15,1.77,21602,31652,125324,-6222,3828,98702
231471,56393,13896,7086,13896,5131,2580,2130,0,4.06,7.96,4.10,20982,19027,4710,-6810,-8765,-450
259956,143242,13886,52077,13886,7835,5775,2777,0,10.32,2.75,1.81,65963,21721,8552,38191,-6051,-2998
174441,207707,13881,28612,13881,2185,2307,2897,0,14.96,7.26,0.84,42493,16066,5204,14731,-11696,590
26074,42165,13863,36645,13863,4554,2522,2616,1,3.04,1.15,0.62,50508,18417,5138,22782,-9309,94
7656,35359,13854,7741,13854,8132,7791,118429,1,2.55,4.57,0.22,21595,21986,126220,-6113,-5722,110638
1781724,714839,688042,26259,13844,366936,4234,1884956,0,1.04,27.22,2.49,714301,380780,1889190,-661783,353092,1880722
968578,43322,13841,42665,13841,80025,18960,12695,1,3.13,1.02,22.36,56506,93866,31655,28824,66184,-6265
33827,30899,13835,34940,13835,13320,2038,1739,1,2.23,0.88,1.09,48775,27155,3777,21105,-515,-299
798804,174444,13825,32038,13825,29967,11762,559557,1,12.62,5.44,4.58,45863,43792,571319,18213,16142,547795
8458,10574,13824,3254,13824,3563,1997,36335,1,0.76,3.25,0.80,17078,17387,38332,-10570,-10261,34338
984670,55935,28733,11183,13811,8858,4866,210572,0,1.95,5.00,17.60,39916,22669,215438,-17550,-4953,205706
599109,32798,13809,3795,13809,11934,8509,10807,1,2.38,8.64,18.27,17604,25743,19316,-10014,-1875,2298
386258,357380,49285,48816,13787,20354,1261,436417,0,7.25,7.32,1.08,98101,34141,437678,-469,6567,435156
17466,16761,9466,15270,13774,13372,14170,240253,0,1.77,1.10,1.04,24736,27146,254423,5804,-402,226083
70844,125880,13773,8511,13773,4022,1452,1172,0,9.14,14.79,0.56,22284,17795,2624,-5262,-9751,-280
557967,67526,13767,9151,13767,18399,3088,754238,1,4.90,7.38,8.26,22918,32166,757326,-4616,4632,751150
40369,6685,13756,1396,13756,4807,2810,53035,1,0.49,4.79,6.04,15152,18563,55845,-12360,-8949,50225
57108,44795,13750,13458,13750,8377,3784,620971,1,3.26,3.33,1.27,27208,22127,624755,-292,-5373,617187
181653,124930,13746,29687,13746,4957,757,134889,1,9.09,4.21,1.45,43433,18703,135646,15941,-8789,134132
232990,51634,13739,9366,13739,6977,2324,91695,0,3.76,5.51,4.51,23105,20716,94019,-4373,-6762,89371
400583,75153,13733,62579,13733,23876,1770,537410,1,5.47,1.20,5.33,76312,37609,539180,48846,10143,535640
922673,102943,13731,17014,13731,7027,9326,10943,1,7.50,6.05,8.96,30745,20758,20269,3283,-6704,1617
208346,19006,13730,3369,13730,2269,1320,8005,0,1.38,5.64,10.96,17099,15999,9325,-10361,-11461,6685
29814,25727,13720,10804,13720,16490,7435,61473,0,1.88,2.38,1.16,24524,30210,68908,-2916,2770,54038
414493,17921,13702,30504,13702,19201,13596,13783,1,1.31,0.59,23.13,44206,32903,27379,16802,5499,187
5191,14367,13692,16314,13692,5823,7196,17916,1,1.05,0.88,0.36,30006,19515,25112,2622,-7869,10720
5820,29683,13691,2217,13691,5436,11947,647399,1,2.17,13.39,0.20,15908,19127,659346,-11474,-8255,635452
9407,11178,13690,55393,13690,6464,19900,3081,1,0.82,0.20,0.84,69083,20154,22981,41703,-7226,-16819
203105,37478,8145,26238,13689,12213,3917,350689,0,4.60,1.43,5.42,34383,25902,354606,18093,-1476,346772
10407,11569,17989,8276,13670,7525,4189,367123,0,0.64,1.40,0.90,26265,21195,371312,-9713,-6145,362934
756692,98888,13669,16068,13669,28140,7526,3687,0,7.23,6.15,7.65,29737,41809,11213,2399,14471,-3839
408741,25675,13668,26659,13668,2515,3113,909,1,1.88,0.96,15.92,40327,16183,4022,12991,-11153,-2204
398378,223533,28103,17729,13668,25755,14801,270065,0,7.95,12.61,1.78,45832,39423,284866,-10374,12087,255264
1071577,41454,13668,14491,13668,4701,3683,142496,1,3.03,2.86,25.85,28159,18369,146179,823,-8967,138813
314112,113786,24601,33235,13652,28962,2688,485762,0,4.63,3.42,2.76,57836,42614,488450,8634,15310,483074
399368,8270,20899,5546,13622,8870,3494,349268,0,0.40,1.49,48.29,26445,22492,352762,-15353,-4752,345774
198823,52171,13611,10575,13611,5099,2776,663206,1,3.83,4.93,3.81,24186,18710,665982,-3036,-8512,660430
403664,19692,13609,22629,13609,6089,5343,4877,0,1.45,0.87,20.50,36238,19698,10220,9020,-7520,-466
9373,8379,13604,19676,13604,10752,7206,54149,1,0.62,0.43,1.12,33280,24356,61355,6072,-2852,46943
249100,75918,13599,17410,13599,5858,1540,216857,1,5.58,4.36,3.28,31009,19457,218397,3811,-7741,215317
642330,57855,21499,10643,13590,8882,7275,42020,0,2.69,5.44,11.10,32142,22472,49295,-10856,-4708,34745
16128,15277,13570,31508,13570,31496,11863,95254,1,1.13,0.48,1.06,45078,45066,107117,17938,17926,83391
339646,139521,13567,38652,13567,5945,6662,256769,0,10.28,3.61,2.43,52219,19512,263431,25085,-7622,250107
54479,7727,13540,14779,13540,1628,993,1708,0,0.57,0.52,7.05,28319,15168,2701,1239,-11912,715
363954,79737,19249,12728,13536,12889,12579,96639,0,4.14,6.26,4.56,31977,26425,109218,-6521,-647,84060
306688,79032,13521,8958,13521,6161,4244,30560,0,5.85,8.82,3.88,22479,19682,34804,-4563,-7360,26316
617039,33432,13520,6941,13520,3022,600,812,0,2.47,4.82,18.46,20461,16542,1412,-6579,-10498,212
247278,256703,30820,26278,13520,37991,4409,780945,0,8.33,9.77,0.96,57098,51511,785354,-4542,24471,776536
13597,24563,13513,6381,13513,4140,2265,32952,1,1.82,3.85,0.55,19894,17653,35217,-7132,-9373,30687
200506,225114,13510,79798,13510,9925,5927,72999,0,16.66,2.82,0.89,93308,23435,78926,66288,-3585,67072
37019,38892,13499,55810,13499,5513,1404,2734,1,2.88,0.70,0.95,69309,19012,4138,42311,-7986,1330
377243,36900,13483,15645,13483,3987,1543,1658,1,2.74,2.36,10.22,29128,17470,3201,2162,-9496,115
85246,38296,13459,25605,13459,19800,12691,41187,1,2.85,1.50,2.23,39064,33259,53878,12146,6341,28496
315565,68588,13455,45470,13455,11110,10035,110521,0,5.10,1.51,4.60,58925,24565,120556,32015,-2345,100486
5986,20336,13438,8305,13438,13275,3910,80713,0,1.51,2.45,0.29,21743,26713,84623,-5133,-163,76803
1635602,349097,56657,25971,13430,65813,2436,632521,0,6.16,13.44,4.69,82628,79243,634957,-30686,52383,630085
10377,19445,13424,3367,13424,8980,2580,18779,1,1.45,5.78,0.53,16791,22404,21359,-10057,-4444,16199
190524,29754,13667,4793,13417,8324,6423,18814,0,2.18,6.21,6.40,18460,21741,25237,-8874,-5093,12391
284635,19251,13414,7302,13414,21439,4201,4230,0,1.44,2.64,14.79,20716,34853,8431,-6112,8025,29
153905,125654,13409,16215,13409,6441,1667,270109,1,9.37,7.75,1.22,29624,19850,271776,2806,-6968,268442
269191,1085797,398727,77491,13390,124135,3257,1537620,0,2.72,14.01,0.25,476218,137525,1540877,-321236,110745,1534363
91892,91897,13385,77841,13385,4278,4877,2472,0,6.87,1.18,1.00,91226,17663,7349,64456,-9107,-2405
152974,139594,13381,10632,13381,3329,4643,1075,1,10.43,13.13,1.10,24013,16710,5718,-2749,-10052,-3568
204609,34035,13378,3573,13378,3254,1038,40082,0,2.54,9.53,6.01,16951,16632,41120,-9805,-10124,39044
2370799,43884,26019,37994,13361,20362,25771,170795,0,1.69,1.16,54.02,64013,33723,196566,11975,7001,145024
5917,34900,13332,38735,13332,15082,8774,76100,1,2.62,0.90,0.17,52067,28414,84874,25403,1750,67326
149987,21000,13314,10178,13314,10640,2221,1331,1,1.58,2.06,7.14,23492,23954,3552,-3136,-2674,-890
92935,17815,8120,55859,13310,31874,14401,171201,0,2.19,0.32,5.22,63979,45184,185602,47739,18564,156800
441917,112740,18826,28979,13300,101400,2334,668878,0,5.99,3.89,3.92,47805,114700,671212,10153,88100,666544
622395,66525,4563,2448,13300,1218,1478,38918,0,14.58,27.18,9.36,7011,14518,40396,-2115,-12082,37440
141161,17640,13290,5005,13290,2901,1037,78861,0,1.33,3.52,8.00,18295,16191,79898,-8285,-10389,77824
873601,82004,13277,9238,13277,5527,3027,4402,1,6.18,8.88,10.65,22515,18804,7429,-4039,-7750,1375
398057,79644,13261,92718,13261,14464,2555,3706,0,6.01,0.86,5.00,105979,27725,6261,79457,1203,1151
20061,6688,13237,12578,13237,4356,1542,71000,1,0.51,0.53,3.00,25815,17593,72542,-659,-8881,69458
9891,29357,13231,12871,13231,9669,3409,27522,1,2.22,2.28,0.34,26102,22900,30931,-360,-3562,24113
524519,365928,13222,23607,13222,152633,9665,477516,0,27.68,15.50,1.43,36829,165855,487181,10385,139411,467851
11299,13034,13196,10709,13196,4286,3772,43499,1,0.99,1.22,0.87,23905,17482,47271,-2487,-8910,39727
13544,8534,16738,23054,13168,10672,3289,24709,0,0.51,0.37,1.59,39792,23840,27998,6316,-2496,21420
20086,15649,13122,7297,13122,20876,8869,72842,0,1.19,2.14,1.28,20419,33998,81711,-5825,7754,63973
469987,27824,13120,8171,13120,5177,6479,4843,1,2.12,3.41,16.89,21291,18297,11322,-4949,-7943,-1636
23384,13097,13112,5760,13112,8161,5476,2791,1,1.00,2.27,1.79,18872,21273,8267,-7352,-4951,-2685
379310,80305,13108,10641,13108,4813,1350,264754,1,6.13,7.55,4.72,23749,17921,266104,-2467,-8295,263404
933514,45238,13091,30073,13091,19514,5426,1274,0,3.46,1.50,20.64,43164,32605,6700,16982,6423,-4152
186220,36836,13086,3503,13086,7637,4324,1611,0,2.81,10.52,5.06,16589,20723,5935,-9583,-5449,-2713
9345,18344,13082,11870,13082,7876,7470,20833,1,1.40,1.55,0.51,24952,20958,28303,-1212,-5206,13363
12017,20051,13075,10899,13075,11194,5611,16419,1,1.53,1.84,0.60,23974,24269,22030,-2176,-1881,10808
26184,23548,13067,16339,13067,19786,7579,6993,0,1.80,1.44,1.11,29406,32853,14572,3272,6719,-586
31716,27749,13043,31327,13043,5190,2353,2483,1,2.13,0.89,1.14,44370,18233,4836,18284,-7853,130
741503,107677,17724,10772,13040,7277,3691,193493,0,6.08,10.00,6.89,28496,20317,197184,-6952,-5763,189802
51251,11540,13036,13609,13036,6618,1717,2679,0,0.89,0.85,4.44,26645,19654,4396,573,-6418,962
654039,51216,13035,5726,13035,3795,961,143967,0,3.93,8.94,12.77,18761,16830,144928,-7309,-9240,143006
219847,22648,13029,43389,13029,7302,4999,3000,0,1.74,0.52,9.71,56418,20331,7999,30360,-5727,-1999
989889,59230,12998,21564,12998,11339,12046,2961,0,4.56,2.75,16.71,34562,24337,15007,8566,-1659,-9085
101260,31580,12948,43406,12948,4503,3096,2509,1,2.44,0.73,3.21,56354,17451,5605,30458,-8445,-587
438554,33161,12936,10843,12936,5037,4526,5038,0,2.56,3.06,13.22,23779,17973,9564,-2093,-7899,512
60065,63971,12924,35163,12924,34231,6901,164141,0,4.95,1.82,0.94,48087,47155,171042,22239,21307,157240
204401,87781,121718,1820,12912,60698,2880,764992,0,0.72,48.23,2.33,123538,73610,767872,-119898,47786,762112
143111,22844,12910,6759,12910,1018,717,1636,0,1.77,3.38,6.26,19669,13928,2353,-6151,-11892,919
890456,114707,20079,10705,12905,13299,9878,9242,0,5.71,10.72,7.76,30784,26204,19120,-9374,394,-636
1203036,107710,12896,8473,12896,3527,2048,1112,1,8.35,12.71,11.17,21369,16423,3160,-4423,-9369,-936
274129,73656,25583,10273,12893,18560,6615,304576,0,2.88,7.17,3.72,35856,31453,311191,-15310,5667,297961
614572,101502,12892,9787,12892,7533,9228,7212,0,7.87,10.37,6.05,22679,20425,16440,-3105,-5359,-2016
205480,37541,12887,2675,12887,4312,2349,1642,0,2.91,14.03,5.47,15562,17199,3991,-10212,-8575,-707
10587,9313,12882,5475,12882,5354,7572,126404,0,0.72,1.70,1.14,18357,18236,133976,-7407,-7528,118832
701482,347553,62416,58727,12872,18087,9767,124046,0,5.57,5.92,2.02,121143,30959,133813,-3689,5215,114279
201747,62408,12869,55941,12869,13328,7332,677535,1,4.85,1.12,3.23,68810,26197,684867,43072,459,670203
11715,22127,12868,21533,12868,10843,6657,157903,1,1.72,1.03,0.53,34401,23711,164560,8665,-2025,151246
665259,1109484,32291,375161,12861,272686,2824,1589029,0,34.36,2.96,0.60,407452,285547,1591853,342870,259825,1586205
365474,58223,12832,6473,12832,8558,1723,1382,1,4.54,8.99,6.28,19305,21390,3105,-6359,-4274,-341
168610,46000,12821,11232,12821,3000,3717,1934,0,3.59,4.10,3.67,24053,15821,5651,-1589,-9821,-1783
146130,73841,12795,2333,12795,1839,1917,25434,0,5.77,31.65,1.98,15128,14634,27351,-10462,-10956,23517
772973,92219,19843,9058,12790,7210,1976,207896,0,4.65,10.18,8.38,28901,20000,209872,-10785,-5580,205920
759789,211137,12790,19750,12790,18522,4695,3510,0,16.51,10.69,3.60,32540,31312,8205,6960,5732,-1185
15386,53988,12746,11123,12746,7141,1786,70735,1,4.24,4.85,0.28,23869,19887,72521,-1623,-5605,68949
247768,62236,12744,11284,12744,10025,1878,1769,0,4.88,5.52,3.98,24028,22769,3647,-1460,-2719,-109
1261298,53095,12740,12870,12740,26272,9049,177165,0,4.17,4.13,23.76,25610,39012,186214,130,13532,168116
165511,9227,12736,6750,12736,11046,3712,4225,1,0.72,1.37,17.94,19486,23782,7937,-5986,-1690,513
2675768,431972,101077,17603,12729,76133,5954,762346,0,4.27,24.54,6.19,118680,88862,768300,-83474,63404,756392
17848,17078,12727,46813,12727,3382,7676,5788,1,1.34,0.36,1.05,59540,16109,13464,34086,-9345,-1888
19720,26407,10302,3240,12719,11635,3424,300826,0,2.56,8.15,0.75,13542,24354,304250,-7062,-1084,297402
46742,48295,12712,15034,12712,6902,5305,1738,0,3.80,3.21,0.97,27746,19614,7043,2322,-5810,-3567
146838,193493,24418,48918,12692,13561,10269,164869,0,7.92,3.96,0.76,73336,26253,175138,24500,869,154600
363152,51114,12690,4618,12690,3616,1526,2012,0,4.03,11.07,7.10,17308,16306,3538,-8072,-9074,486
15757,26242,12687,9297,12687,6389,1151,1035,1,2.07,2.82,0.60,21984,19076,2186,-3390,-6298,-116
452567,36369,12681,9186,12681,8908,6117,90833,0,2.87,3.96,12.44,21867,21589,96950,-3495,-3773,84716
766884,7718,12680,2452,12680,10212,2099,146992,1,0.61,3.15,99.36,15132,22892,149091,-10228,-2468,144893
97177,56772,12656,34034,12656,7199,3759,660131,1,4.49,1.67,1.71,46690,19855,663890,21378,-5457,656372
1432193,112574,26647,12214,12655,3843,2407,180202,0,4.22,9.22,12.72,38861,16498,182609,-14433,-8812,177795
1033360,21793,12648,8921,12648,3468,3276,783,0,1.72,2.44,47.42,21569,16116,4059,-3727,-9180,-2493
605089,95385,12645,28145,12645,19429,17105,2760,0,7.54,3.39,6.34,40790,32074,19865,15500,6784,-14345
850264,134395,126757,27411,12644,16608,6327,404842,0,1.06,4.90,6.33,154168,29252,411169,-99346,3964,398515
1035879,396122,276609,11261,12640,243592,9453,1295201,0,1.43,35.18,2.62,287870,256232,1304654,-265348,230952,1285748
934899,38253,12615,18329,12615,6213,2468,4778,0,3.03,2.09,24.44,30944,18828,7246,5714,-6402,2310
1389171,45030,12614,16214,12614,13543,3208,208616,1,3.57,2.78,30.85,28828,26157,211824,3600,929,205408
531792,58992,20767,35591,12601,6509,2753,225966,0,2.84,1.66,9.01,56358,19110,228719,14824,-6092,223213
71841,14422,12594,26595,12594,2828,7079,5012,1,1.15,0.54,4.98,39189,15422,12091,14001,-9766,-2067
27629,13911,12578,11916,12578,17393,8150,99398,0,1.11,1.17,1.99,24494,29971,107548,-662,4815,91248
66633,12551,12569,14744,12569,2185,2482,1143,1,1.00,0.85,5.31,27313,14754,3625,2175,-10384,-1339
790004,102197,12543,52019,12543,10141,2973,166547,1,8.15,1.96,7.73,64562,22684,169520,39476,-2402,163574
91564,29078,12542,2545,12542,6961,3466,76935,0,2.32,11.43,3.15,15087,19503,80401,-9997,-5581,73469
14477,19557,12540,6903,12540,5785,6050,54099,1,1.56,2.83,0.74,19443,18325,60149,-5637,-6755,48049
37799,12396,12515,32916,12515,40013,12371,23908,0,0.99,0.38,3.05,45431,52528,36279,20401,27498,11537
106972,20678,12502,1596,12502,5668,2568,2841,1,1.65,12.96,5.17,14098,18170,5409,-10906,-6834,273
10642,16327,9781,12126,12502,16798,21765,177828,0,1.67,1.35,0.65,21907,29300,199593,2345,4296,156063
554292,104244,9598,17255,12485,5193,4384,164663,0,10.86,6.04,5.32,26853,17678,169047,7657,-7292,160279
109210,30333,8719,6450,12483,8558,7975,207199,0,3.48,4.70,3.60,15169,21041,215174,-2269,-3925,199224
1564961,49766,12482,14686,12482,3394,2765,153141,1,3.99,3.39,31.45,27168,15876,155906,2204,-9088,150376
17157,28042,12438,14592,12438,38430,23622,44973,1,2.25,1.92,0.61,27030,50868,68595,2154,25992,21351
3240,21109,12438,12063,12438,9141,3088,15202,1,1.70,1.75,0.15,24501,21579,18290,-375,-3297,12114
1110922,91658,54638,13653,12435,19416,1938,417139,0,1.68,6.71,12.12,68291,31851,419077,-40985,6981,415201
280464,172430,12431,4253,12431,5768,1093,100255,0,13.87,40.54,1.63,16684,18199,101348,-8178,-6663,99162
871222,349746,93213,13763,12426,53420,4542,742814,0,3.75,25.41,2.49,106976,65846,747356,-79450,40994,738272
356761,61518,27371,22766,12399,21685,1462,386913,0,2.25,2.70,5.80,50137,34084,388375,-4605,9286,385451
150059,10625,12394,24978,12394,3032,1297,1419,1,0.86,0.43,14.12,37372,15426,2716,12584,-9362,122
467237,124258,102123,8680,12384,94535,2015,857387,0,1.22,14.32,3.76,110803,106919,859402,-93443,82151,855372
1029278,219090,12383,123703,12383,12039,5318,55173,0,17.69,1.77,4.70,136086,24422,60491,111320,-344,49855
630145,18951,23055,10287,12382,2349,1147,117668,0,0.82,1.84,33.25,33342,14731,118815,-12768,-10033,116521
485900,348905,12382,7601,12382,6226,3215,654165,1,28.18,45.90,1.39,19983,18608,657380,-4781,-6156,650950
154133,391927,60133,3952,12365,26116,6041,377842,0,6.52,99.17,0.39,64085,38481,383883,-56181,13751,371801
141184,140835,12347,8324,12347,25580,13218,110311,0,11.41,16.92,1.00,20671,37927,123529,-4023,13233,97093
226885,50496,12346,1256,12346,9068,2032,19029,1,4.09,40.20,4.49,13602,21414,21061,-11090,-3278,16997
832273,71143,9297,6819,12339,3195,1511,192262,0,7.65,10.43,11.70,16116,15534,193773,-2478,-9144,190751
1013694,44447,68081,19782,12336,22779,766,427866,0,0.65,2.25,22.81,87863,35115,428632,-48299,10443,427100
990340,65198,4301,5731,12308,5440,1834,71370,0,15.16,11.38,15.19,10032,17748,73204,1430,-6868,69536
12341,52179,12275,9541,12275,3860,2653,59325,1,4.25,5.47,0.24,21816,16135,61978,-2734,-8415,56672
696550,287496,55956,23585,12272,9509,3058,378749,0,5.14,12.19,2.42,79541,21781,381807,-32371,-2763,375691
623181,75017,12268,27042,12268,12861,9112,125152,0,6.11,2.77,8.31,39310,25129,134264,14774,593,116040
8521,7495,12246,2221,12246,16194,7989,15587,1,0.61,3.37,1.14,14467,28440,23576,-10025,3948,7598
28816,26063,20299,9168,12237,5209,4346,408882,0,1.28,2.84,1.11,29467,17446,413228,-11131,-7028,404536
9760,23233,12226,14952,12226,6208,12543,76019,0,1.90,1.55,0.42,27178,18434,88562,2726,-6018,63476
629938,142319,12202,71554,12202,9035,9360,11520,1,11.66,1.99,4.43,83756,21237,20880,59352,-3167,2160
336331,17519,12200,53875,12200,23577,4737,147571,1,1.44,0.33,19.20,66075,35777,152308,41675,11377,142834
201826,87415,12193,51681,12193,49422,15153,7123,1,7.17,1.69,2.31,63874,61615,22276,39488,37229,-8030
23443,11079,12189,5184,12189,9944,3271,170304,1,0.91,2.14,2.12,17373,22133,173575,-7005,-2245,167033
789186,30706,12161,1211,12161,1097,257,60853,1,2.52,25.36,25.70,13372,13258,61110,-10950,-11064,60596
112247,15755,12147,2332,12147,3834,8003,5820,1,1.30,6.76,7.12,14479,15981,13823,-9815,-8313,-2183
437918,139140,12147,7968,12147,9754,3951,695293,1,11.45,17.46,3.15,20115,21901,699244,-4179,-2393,691342
168529,78510,12142,14870,12142,11211,9411,7892,0,6.47,5.28,2.15,27012,23353,17303,2728,-931,-1519
130769,15770,12134,4082,12134,4057,1334,29326,0,1.30,3.86,8.29,16216,16191,30660,-8052,-8077,27992
889165,95671,26556,1542,12131,3791,4541,186201,0,3.60,62.04,9.29,28098,15922,190742,-25014,-8340,181660
13482,5119,12114,24246,12114,3084,2745,876,1,0.42,0.21,2.63,36360,15198,3621,12132,-9030,-1869
19344,76843,12110,9028,12110,7127,5104,41086,1,6.35,8.51,0.25,21138,19237,46190,-3082,-4983,35982
4930,9693,8869,5511,12099,13889,1964,343942,0,1.09,1.76,0.51,14380,25988,345906,-3358,1790,341978
21973,28630,12096,22668,12096,19880,23236,74253,0,2.37,1.26,0.77,34764,31976,97489,10572,7784,51017
378618,65690,101050,6792,12041,65071,1968,297473,0,0.65,9.67,5.76,107842,77112,299441,-94258,53030,295505
1638347,629793,139874,22810,12031,96000,4391,1031533,0,4.50,27.61,2.60,162684,108031,1035924,-117064,83969,1027142
103264,169764,109160,38177,12031,21410,27696,241626,0,1.56,4.45,0.61,147337,33441,269322,-70983,9379,213930
1769672,62625,12014,5972,12014,7501,3100,146580,1,5.21,10.49,28.26,17986,19515,149680,-6042,-4513,143480
891044,163093,11994,12599,11994,18453,10680,9423,1,13.60,12.94,5.46,24593,30447,20103,605,6459,-1257
796021,342965,27616,24755,11983,12653,1476,371267,0,12.42,13.85,2.32,52371,24636,372743,-2861,670,369791
1498315,306131,53810,318600,11980,200151,1941,1136972,0,5.69,0.96,4.89,372410,212131,1138913,264790,188171,1135031
704425,63677,36018,33074,11973,26349,16360,184641,0,1.77,1.93,11.06,69092,38322,201001,-2944,14376,168281
524127,40533,2196,23937,11950,8849,3894,382593,0,18.46,1.69,12.93,26133,20799,386487,21741,-3101,378699
403993,48424,11945,64909,11945,10878,5247,8857,0,4.05,0.75,8.34,76854,22823,14104,52964,-1067,3610
1752843,111865,38622,25281,11940,2952,1459,195756,0,2.90,4.42,15.67,63903,14892,197215,-13341,-8988,194297
18608,6021,11936,21823,11936,2956,3852,2335,0,0.50,0.28,3.09,33759,14892,6187,9887,-8980,-1517
62245,24015,11928,6351,11928,5477,4459,2469,1,2.01,3.78,2.59,18279,17405,6928,-5577,-6451,-1990
14109,16228,11912,7225,11912,7906,5757,128061,0,1.36,2.25,0.87,19137,19818,133818,-4687,-4006,122304
899444,75475,11912,45383,11912,9145,3639,384160,0,6.34,1.66,11.92,57295,21057,387799,33471,-2767,380521
29600,74890,11911,38457,11911,7691,15463,4658,0,6.29,1.95,0.40,50368,19602,20121,26546,-4220,-10805
378094,279978,11911,28301,11911,30959,12402,585184,1,23.51,9.89,1.35,40212,42870,597586,16390,19048,572782
235125,6608,12856,3183,11899,2531,2329,37215,0,0.51,2.08,35.58,16039,14430,39544,-9673,-9368,34886
1359666,417283,90150,9608,11896,246663,15687,1331816,0,4.63,43.43,3.26,99758,258559,1347503,-80542,234767,1316129
1123221,116772,11893,946,11893,8620,2911,659885,1,9.82,123.44,9.62,12839,20513,662796,-10947,-3273,656974
4010,20634,11877,13590,11877,6377,2221,28032,1,1.74,1.52,0.19,25467,18254,30253,1713,-5500,25811
107407,24640,11876,23997,11876,3845,1039,3372,0,2.07,1.03,4.36,35873,15721,4411,12121,-8031,2333
26367,13775,11863,36126,11863,6980,3729,1844,0,1.16,0.38,1.91,47989,18843,5573,24263,-4883,-1885
96523,14185,11862,6281,11862,4992,5174,6120,1,1.20,2.26,6.80,18143,16854,11294,-5581,-6870,946
127892,161506,11827,20267,11827,18536,16049,73920,1,13.66,7.97,0.79,32094,30363,89969,8440,6709,57871
6906,7941,11801,11211,11801,32345,4243,148417,1,0.67,0.71,0.87,23012,44146,152660,-590,20544,144174
41668,18620,11789,3787,11789,8677,1515,4932,0,1.58,4.92,2.24,15576,20466,6447,-8002,-3112,3417
11150,4188,11787,90128,11787,5458,1940,1495,1,0.36,0.05,2.66,101915,17245,3435,78341,-6329,-445
941649,34161,11784,24564,11784,8083,11486,5205,0,2.90,1.39,27.57,36348,19867,16691,12780,-3701,-6281
100468,102918,19664,24399,11748,13906,3230,383608,0,5.23,4.22,0.98,44063,25654,386838,4735,2158,380378
979102,574058,29913,583521,11743,210684,6889,1518368,0,19.19,0.98,1.71,613434,222427,1525257,553608,198941,1511479
165838,37929,8393,11815,11741,16920,15830,296216,0,4.52,3.21,4.37,20208,28661,312046,3422,5179,280386
17110,12467,11720,12454,11720,13648,10889,106181,0,1.06,1.00,1.37,24174,25368,117070,734,1928,95292
256585,36721,7256,10061,11707,2531,828,87124,0,5.06,3.65,6.99,17317,14238,87952,2805,-9176,86296
5373,28350,11674,6131,11674,9613,5441,15533,1,2.43,4.62,0.19,17805,21287,20974,-5543,-2061,10092
201833,94248,11657,5013,11657,9894,4774,111272,0,8.09,18.80,2.14,16670,21551,116046,-6644,-1763,106498
1055895,34650,39394,43551,11646,14976,15449,75902,0,0.88,0.80,30.47,82945,26622,91351,4157,3330,60453
45857,38111,11628,17797,11628,8352,12104,118801,0,3.28,2.14,1.20,29425,19980,130905,6169,-3276,106697
314974,87642,11626,15171,11626,7486,7312,677890,1,7.54,5.78,3.59,26797,19112,685202,3545,-4140,670578
926605,114623,11623,30616,11623,10966,11765,7853,1,9.86,3.74,8.08,42239,22589,19618,18993,-657,-3912
981104,122359,82517,26125,11623,57627,2059,810852,0,1.48,4.68,8.02,108642,69250,812911,-56392,46004,808793
88351,44001,25140,7932,11622,4811,1919,97099,0,1.75,5.55,2.01,33072,16433,99018,-17208,-6811,95180
270044,99507,11621,25920,11621,19177,5560,594112,1,8.56,3.84,2.71,37541,30798,599672,14299,7556,588552
727645,97064,11613,16154,11613,17294,3095,210630,0,8.36,6.01,7.50,27767,28907,213725,4541,5681,207535
806096,831079,22925,159576,11604,254213,5520,1318463,0,36.25,5.21,0.97,182501,265817,1323983,136651,242609,1312943
322759,101449,11592,47914,11592,5561,1885,2905,0,8.75,2.12,3.18,59506,17153,4790,36322,-6031,1020
1158882,63746,11588,11488,11588,14623,3907,2851,1,5.50,5.55,18.18,23076,26211,6758,-100,3035,-1056
14624,23092,4676,17815,11575,6923,3450,368713,0,4.94,1.30,0.63,22491,18498,372163,13139,-4652,365263
87486,53525,11557,11249,11557,9180,2742,26132,1,4.63,4.76,1.63,22806,20737,28874,-308,-2377,23390
759978,48736,11545,12794,11545,5664,9070,6870,0,4.22,3.81,15.59,24339,17209,15940,1249,-5881,-2200
31590,19494,11524,6827,11524,8631,4442,19030,1,1.69,2.86,1.62,18351,20155,23472,-4697,-2893,14588
6978,8977,11507,11823,11507,21096,2206,3254,1,0.78,0.76,0.78,23330,32603,5460,316,9589,1048
25889,31595,11498,30628,11498,126385,12683,3407,1,2.75,1.03,0.82,42126,137883,16090,19130,114887,-9276
614654,99737,11475,3218,11475,7003,8150,2949,1,8.69,30.99,6.16,14693,18478,11099,-8257,-4472,-5201
684506,1678285,277710,14224,11475,279211,6755,1621334,0,6.04,117.99,0.41,291934,290686,1628089,-263486,267736,1614579
94217,32557,11461,11219,11461,9647,1923,10271,1,2.84,2.90,2.89,22680,21108,12194,-242,-1814,8348
209286,10515,11446,1769,11446,1060,266,61755,1,0.92,5.94,19.90,13215,12506,62021,-9677,-10386,61489
585385,256121,8613,55471,11444,28678,4216,521554,0,29.74,4.62,2.29,64084,40122,525770,46858,17234,517338
285887,112162,11440,16267,11440,3979,5920,5510,0,9.80,6.90,2.55,27707,15419,11430,4827,-7461,-410
55039,41113,11435,12925,11435,8277,3361,38191,1,3.60,3.18,1.34,24360,19712,41552,1490,-3158,34830
296374,188968,11418,11870,11418,11059,4100,174375,0,16.55,15.92,1.57,23288,22477,178475,452,-359,170275
1499916,49421,11411,7354,11411,5954,5671,189698,1,4.33,6.72,30.35,18765,17365,195369,-4057,-5457,184027
193403,14836,11409,2235,11409,4112,1327,12586,0,1.30,6.64,13.04,13644,15521,13913,-9174,-7297,11259
1077434,897903,30013,9166,11399,10119,12719,308097,0,29.92,97.96,1.20,39179,21518,320816,-20847,-1280,295378
980729,237704,11395,30762,11395,12603,6593,706411,1,20.86,7.73,4.13,42157,23998,713004,19367,1208,699818
470422,21501,11374,14009,11374,31866,11676,530185,1,1.89,1.53,21.88,25383,43240,541861,2635,20492,518509
944421,28590,11363,3217,11363,1781,3402,1313,1,2.52,8.89,33.03,14580,13144,4715,-8146,-9582,-2089
111512,93464,11360,48845,11360,18201,23104,75910,0,8.23,1.91,1.19,60205,29561,99014,37485,6841,52806
1732486,30051,28221,32614,11356,26405,41617,133748,0,1.06,0.92,57.65,60835,37761,175365,4393,15049,92131
473238,26401,11343,11743,11343,7974,6857,4247,0,2.33,2.25,17.93,23086,19317,11104,400,-3369,-2610
71420,41582,11324,23372,11324,6167,6575,6000,0,3.67,1.78,1.72,34696,17491,12575,12048,-5157,-575
460589,42965,11282,9499,11282,1572,1672,191112,1,3.81,4.52,10.72,20781,12854,192784,-1783,-9710,189440
36779,23356,10348,7168,11281,7577,7414,413980,0,2.26,3.26,1.57,17516,18858,421394,-3180,-3704,406566
1018449,66440,11272,15027,11272,14555,10170,3586,0,5.89,4.42,15.33,26299,25827,13756,3755,3283,-6584
13219,24349,12660,9048,11263,14846,4995,456792,0,1.92,2.69,0.54,21708,26109,461787,-3612,3583,451797
107240,19589,11253,8342,11253,6180,2614,12902,0,1.74,2.35,5.47,19595,17433,15516,-2911,-5073,10288
103711,17966,11249,6044,11249,3892,2718,2343,0,1.60,2.97,5.77,17293,15141,5061,-5205,-7357,-375
22745,4599,11232,12794,11232,5697,3622,22056,1,0.41,0.36,4.95,24026,16929,25678,1562,-5535,18434
448637,246167,107108,18229,11231,32796,1106,455133,0,2.30,13.50,1.82,125337,44027,456239,-88879,21565,454027
78506,38553,11215,58161,11215,4844,3463,2698,1,3.44,0.66,2.04,69376,16059,6161,46946,-6371,-765
29839,10993,11214,36082,11214,12312,4687,1829,0,0.98,0.30,2.71,47296,23526,6516,24868,1098,-2858
2591743,342795,285536,109153,11213,25062,19689,219810,0,1.20,3.14,7.56,394689,36275,239499,-176383,13849,200121
886464,74847,11207,10643,11207,6340,3020,19449,0,6.68,7.03,11.84,21850,17547,22469,-564,-4867,16429
289102,141781,11202,9714,11202,6031,6124,2790,0,12.66,14.60,2.04,20916,17233,8914,-1488,-5171,-3334
161759,281305,61964,69775,11189,4896,4368,306455,0,4.54,4.03,0.58,131739,16085,310823,7811,-6293,302087
36785,20107,11183,8120,11183,2989,3337,1455,1,1.80,2.48,1.83,19303,14172,4792,-3063,-8194,-1882
7436,26063,11179,11199,11179,4255,2926,11389,1,2.33,2.33,0.29,22378,15434,14315,20,-6924,8463
1467206,75312,11164,43470,11164,29685,9730,672035,1,6.75,1.73,19.48,54634,40849,681765,32306,18521,662305
1025802,61238,23498,16906,11158,3523,4642,202314,0,2.61,3.62,16.75,40404,14681,206956,-6592,-7635,197672
491927,212257,11154,14340,11154,16724,8181,86404,0,19.03,14.80,2.32,25494,27878,94585,3186,5570,78223
1142179,280998,45127,27861,11110,20713,4804,390940,0,6.23,10.09,4.06,72988,31823,395744,-17266,9603,386136
604709,1055028,212012,241905,11102,128583,6673,1517968,0,4.98,4.36,0.57,453917,139685,1524641,29893,117481,1511295
36855,29706,11100,51084,11100,10617,6343,10386,0,2.68,0.58,1.24,62184,21717,16729,39984,-483,4043
54979,11254,11100,7454,11100,4431,6794,3014,1,1.01,1.51,4.89,18554,15531,9808,-3646,-6669,-3780
1135660,44551,11076,34520,11076,10124,5951,5733,0,4.02,1.29,25.49,45596,21200,11684,23444,-952,-218
668231,128706,87325,58944,11071,27283,1711,398455,0,1.47,2.18,5.19,146269,38354,400166,-28381,16212,396744
337941,36388,9820,19676,11069,4772,6765,419352,0,3.71,1.85,9.29,29496,15841,426117,9856,-6297,412587
652010,527806,11066,26130,11066,14403,7467,7620,1,47.70,20.20,1.24,37196,25469,15087,15064,3337,153
103594,36601,11055,37701,11055,3661,2213,1968,1,3.31,0.97,2.83,48756,14716,4181,26646,-7394,-245
126601,25843,9207,11296,11051,6899,1753,7379,0,2.81,2.29,4.90,20503,17950,9132,2089,-4152,5626
771621,207303,73844,27340,11045,31723,6597,538136,0,2.81,7.58,3.72,101184,42768,544733,-46504,20678,531539
691198,22728,11018,4566,11018,2724,1915,1519,0,2.06,4.98,30.41,15584,13742,3434,-6452,-8294,-396
64382,34048,13479,13102,11005,14041,6035,403539,0,2.53,2.60,1.89,26581,25046,409574,-377,3036,397504
63015,47202,10992,7763,10992,4807,1782,61312,1,4.29,6.08,1.34,18755,15799,63094,-3229,-6185,59530
12291,43264,10985,18529,10985,5098,2554,22146,1,3.94,2.33,0.28,29514,16083,24700,7544,-5887,19592
1071356,40778,29546,15119,10936,31354,8129,14201,0,1.38,2.70,26.27,44665,42290,22330,-14427,20418,6072
626143,148478,109511,28220,10929,60624,1701,604534,0,1.36,5.26,4.22,137731,71553,606235,-81291,49695,602833
446685,165258,86681,22075,10906,92796,2611,894813,0,1.91,7.49,2.70,108756,103702,897424,-64606,81890,892202
113370,41242,10898,16064,10898,7994,3619,2932,0,3.78,2.57,2.75,26962,18892,6551,5166,-2904,-687
521308,50327,10897,13755,10897,5558,13496,552621,1,4.62,3.66,10.36,24652,16455,566117,2858,-5339,539125
27887,22129,10897,7236,10897,7080,2451,51425,1,2.03,3.06,1.26,18133,17977,53876,-3661,-3817,48974
620144,249467,10894,14692,10894,49044,37077,29139,1,22.90,16.98,2.49,25586,59938,66216,3798,38150,-7938
126288,113672,10891,5460,10891,26321,15315,49369,1,10.44,20.82,1.11,16351,37212,64684,-5431,15430,34054
710878,46783,10889,18001,10889,7908,2339,131633,1,4.30,2.60,15.20,28890,18797,133972,7112,-2981,129294
591520,69990,13301,5354,10879,14492,4696,325892,0,5.26,13.07,8.45,18655,25371,330588,-7947,3613,321196
1510300,236973,45925,48939,10876,20334,2410,505133,0,5.16,4.84,6.37,94864,31210,507543,3014,9458,502723
11895,16019,10873,13599,10873,5659,5266,63562,0,1.47,1.18,0.74,24472,16532,68828,2726,-5214,58296
153743,91845,10871,47713,10871,3293,5660,6384,1,8.45,1.92,1.67,58584,14164,12044,36842,-7578,724
70518,16996,10853,9182,10853,12813,9942,128623,0,1.57,1.85,4.15,20035,23666,138565,-1671,1960,118681
8707,25099,10848,7263,10848,1896,2700,23505,1,2.31,3.46,0.35,18111,12744,26205,-3585,-8952,20805
819857,33523,12149,20657,10840,9254,13303,155990,0,2.76,1.62,24.46,32806,20094,169293,8508,-1586,142687
205871,13403,10829,2635,10829,1378,3547,146928,1,1.24,5.09,15.36,13464,12207,150475,-8194,-9451,143381
95329,75493,10827,1819,10827,4728,7694,4859,1,6.97,41.50,1.26,12646,15555,12553,-9008,-6099,-2835
299131,797418,16145,370765,10823,320129,3564,1507158,0,49.39,2.15,0.38,386910,330952,1510722,354620,309306,1503594
188850,317532,10801,20518,10801,14684,9131,527189,1,29.40,15.48,0.59,31319,25485,536320,9717,3883,518058
347100,30635,10794,3323,10794,1922,465,599,0,2.84,9.22,11.33,14117,12716,1064,-7471,-8872,134
15036,13455,10788,7339,10788,18414,12276,14872,0,1.25,1.83,1.12,18127,29202,27148,-3449,7626,2596
208676,15469,10787,21900,10787,3619,1486,4303,1,1.43,0.71,13.49,32687,14406,5789,11113,-7168,2817
193026,25268,10782,9743,10782,4000,1659,634870,1,2.34,2.59,7.64,20525,14782,636529,-1039,-6782,633211
12834,6350,5316,2556,10778,6588,2968,253462,0,1.19,2.48,2.02,7872,17366,256430,-2760,-4190,250494
613685,117327,111785,31659,10775,29449,2446,407796,0,1.05,3.71,5.23,143444,40224,410242,-80126,18674,405350
2101830,278764,6208,58019,10774,36648,3181,415766,0,44.90,4.80,7.54,64227,47422,418947,51811,25874,412585
5183,29145,10773,879,10773,3924,1966,51534,1,2.71,33.16,0.18,11652,14697,53500,-9894,-6849,49568
10985,21568,10769,14559,10769,12546,3950,2550,0,2.00,1.48,0.51,25328,23315,6500,3790,1777,-1400
809270,17380,10755,17666,10755,6253,6785,23892,0,1.62,0.98,46.56,28421,17008,30677,6911,-4502,17107
11639,72999,10749,9567,10749,4227,2602,32631,1,6.79,7.63,0.16,20316,14976,35233,-1182,-6522,30029
27844,23842,10746,3486,10746,3386,830,1008,1,2.22,6.84,1.17,14232,14132,1838,-7260,-7360,178
107302,55938,10737,6613,10737,11041,6956,9399,1,5.21,8.46,1.92,17350,21778,16355,-4124,304,2443
535402,35248,8812,11160,10731,11039,1756,187202,0,4.00,3.16,15.19,19972,21770,188958,2348,308,185446
8625,19661,10730,2255,10730,4985,1659,26429,1,1.83,8.72,0.44,12985,15715,28088,-8475,-5745,24770
261864,270863,10713,27005,10713,15670,8161,100111,0,25.28,10.03,0.97,37718,26383,108272,16292,4957,91950
41162,27985,10680,2983,10680,1321,1231,1628,0,2.62,9.38,1.47,13663,12001,2859,-7697,-9359,397
78439,69552,10672,13238,10672,3271,1549,77581,1,6.52,5.25,1.13,23910,13943,79130,2566,-7401,76032
261873,54158,10672,2951,10672,4910,922,109460,0,5.07,18.35,4.84,13623,15582,110382,-7721,-5762,108538
23235,14041,10672,8985,10672,17886,5274,129645,0,1.32,1.56,1.65,19657,28558,134919,-1687,7214,124371
776936,66347,10669,10708,10669,5099,1648,912,0,6.22,6.20,11.71,21377,15768,2560,39,-5570,-736
27605,7179,10657,38725,10657,3392,5550,10176,1,0.67,0.19,3.85,49382,14049,15726,28068,-7265,4626
1404008,87623,10644,43668,10644,14838,5046,315380,0,8.23,2.01,16.02,54312,25482,320426,33024,4194,310334
1002892,17729,10642,8035,10642,2039,1817,788,0,1.67,2.21,56.57,18677,12681,2605,-2607,-8603,-1029
35197,32558,10635,16335,10635,8828,2671,15765,1,3.06,1.99,1.08,26970,19463,18436,5700,-1807,13094
145445,81626,23538,20246,10626,11933,4975,52364,0,3.47,4.03,1.78,43784,22559,57339,-3292,1307,47389
7663,11185,10612,11502,10612,3644,1703,1160,1,1.05,0.97,0.69,22114,14256,2863,890,-6968,-543
295385,12233,10611,5089,10611,12539,11523,600218,1,1.15,2.40,24.15,15700,23150,611741,-5522,1928,588695
30486,37476,10608,9973,10608,3407,3147,75339,1,3.53,3.76,0.81,20581,14015,78486,-635,-7201,72192
160299,62863,19755,35338,10603,17565,1247,202388,0,3.18,1.78,2.55,55093,28168,203635,15583,6962,201141
394136,93089,10584,22625,10584,10963,11975,85052,0,8.80,4.11,4.23,33209,21547,97027,12041,379,73077
2049886,161845,10582,47882,10582,31260,1968,518983,1,15.29,3.38,12.67,58464,41842,520951,37300,20678,517015
642946,38320,10566,14471,10566,3873,2034,2067,0,3.63,2.65,16.78,25037,14439,4101,3905,-6693,33
25946,31978,10546,4502,10546,3769,4201,24151,1,3.03,7.10,0.81,15048,14315,28352,-6044,-6777,19950
137797,32654,10544,13270,10544,7854,2493,672668,1,3.10,2.46,4.22,23814,18398,675161,2726,-2690,670175
1684770,232799,58572,39447,10543,15219,1695,434683,0,3.97,5.90,7.24,98019,25762,436378,-19125,4676,432988
426462,13607,10539,7098,10539,9135,1493,671,0,1.29,1.92,31.34,17637,19674,2164,-3441,-1404,-822
87134,17171,10513,2479,10513,1404,313,324,1,1.63,6.93,5.07,12992,11917,637,-8034,-9109,11
34670,14625,10511,4688,10511,5844,3287,3465,1,1.39,3.12,2.37,15199,16355,6752,-5823,-4667,178
410465,3330,10510,7923,10510,2508,2690,424,0,0.32,0.42,123.26,18433,13018,3114,-2587,-8002,-2266
149558,40274,10493,3205,10493,6243,928,105616,0,3.84,12.57,3.71,13698,16736,106544,-7288,-4250,104688
336478,693625,10365,2622,10483,181841,4297,941340,0,66.92,264.54,0.49,12987,192324,945637,-7743,171358,937043
65816,11992,10476,6315,10476,2600,2023,23046,1,1.14,1.90,5.49,16791,13076,25069,-4161,-7876,21023
102933,30027,10474,24024,10474,8442,3262,2224,1,2.87,1.25,3.43,34498,18916,5486,13550,-2032,-1038
15750,26208,10472,6441,10472,7050,4597,40618,1,2.50,4.07,0.60,16913,17522,45215,-4031,-3422,36021
709275,40275,35248,25293,10471,6823,11286,908118,0,1.14,1.59,17.61,60541,17294,919404,-9955,-3648,896832
2332367,293277,76805,90435,10460,19257,9881,313464,0,3.82,3.24,7.95,167240,29717,323345,13630,8797,303583
316435,37288,10450,11470,10450,4994,4303,149771,1,3.57,3.25,8.49,21920,15444,154074,1020,-5456,145468
161310,10012,10448,5622,10448,2181,379,57165,1,0.96,1.78,16.11,16070,12629,57544,-4826,-8267,56786
1168368,59616,10433,6425,10433,16251,15486,9582,0,5.71,9.28,19.60,16858,26684,25068,-4008,5818,-5904
2415049,236882,25840,73449,10432,11097,7672,80028,0,9.17,3.23,10.20,99289,21529,87700,47609,665,72356
1872525,361637,16966,11080,10427,7771,4754,198900,0,21.32,32.64,5.18,28046,18198,203654,-5886,-2656,194146
39368,24450,10427,12773,10427,4146,1922,55538,1,2.34,1.91,1.61,23200,14573,57460,2346,-6281,53616
54931,22010,10420,3243,10420,4502,5875,657207,1,2.11,6.79,2.50,13663,14922,663082,-7177,-5918,651332
57524,12237,10417,4298,10417,1577,3235,1562,1,1.17,2.85,4.70,14715,11994,4797,-6119,-8840,-1673
1577723,148034,40441,77261,10415,9096,1606,308406,0,3.66,1.92,10.66,117702,19511,310012,36820,-1319,306800
308755,231605,10399,6192,10399,4617,2289,4068,0,22.27,37.40,1.33,16591,15016,6357,-4207,-5782,1779
96089,14582,10395,18171,10395,7058,2537,1378,1,1.40,0.80,6.59,28566,17453,3915,7776,-3337,-1159
29403,25080,10387,229,10387,5375,3126,31084,1,2.41,109.52,1.17,10616,15762,34210,-10158,-5012,27958
1265119,33636,10366,9419,10366,2446,863,733,1,3.24,3.57,37.61,19785,12812,1596,-947,-7920,-130
157780,82906,10365,23412,10365,7256,4169,6099,1,8.00,3.54,1.90,33777,17621,10268,13047,-3109,1930
518853,464248,378111,23074,10352,154034,2479,1069849,0,1.23,20.12,1.12,401185,164386,1072328,-355037,143682,1067370
223184,114813,10352,20698,10352,14619,14419,94508,0,11.09,5.55,1.94,31050,24971,108927,10346,4267,80089
28352,31717,10335,21425,10335,3665,4016,1466,1,3.07,1.48,0.89,31760,14000,5482,11090,-6670,-2550
191204,31243,10328,16255,10328,4832,906,886,0,3.03,1.92,6.12,26583,15160,1792,5927,-5496,-20
1677069,384630,85293,36965,10320,14000,3413,464701,0,4.51,10.41,4.36,122258,24320,468114,-48328,3680,461288
343125,333122,10314,5944,10314,18039,12154,83797,1,32.30,56.04,1.03,16258,28353,95951,-4370,7725,71643
7102,10495,10314,4685,10314,19855,18080,51397,1,1.02,2.24,0.68,14999,30169,69477,-5629,9541,33317
4692,3708,10308,5787,10308,9107,15163,41621,1,0.36,0.64,1.27,16095,19415,56784,-4521,-1201,26458
1929477,73668,6585,22777,10290,12930,1192,196431,0,11.19,3.23,26.19,29362,23220,197623,16192,2640,195239
1572919,145059,7743,14232,10288,11891,9381,225497,0,18.73,10.19,10.84,21975,22179,234878,6489,1603,216116
69671,64541,10287,15634,10287,3861,2802,1640,0,6.27,4.13,1.08,25921,14148,4442,5347,-6426,-1162
664599,44085,10254,22343,10254,17315,5877,60971,0,4.30,1.97,15.08,32597,27569,66848,12089,7061,55094
11227,12491,10251,15456,10251,12839,4737,17722,1,1.22,0.81,0.90,25707,23090,22459,5205,2588,12985
299377,51047,10246,6970,10246,11291,5309,2864,0,4.98,7.32,5.86,17216,21537,8173,-3276,1045,-2445
4712,95546,10236,6449,10236,3647,4445,39418,1,9.33,14.82,0.05,16685,13883,43863,-3787,-6589,34973
1936936,167643,104078,23545,10230,18446,5347,186762,0,1.61,7.12,11.55,127623,28676,192109,-80533,8216,181415
7264,5498,10222,3786,10222,4436,2158,1785,1,0.54,1.45,1.32,14008,14658,3943,-6436,-5786,-373
254006,18823,10212,9101,10212,4747,3119,1670,0,1.84,2.07,13.49,19313,14959,4789,-1111,-5465,-1449
886946,56570,92926,15679,10207,9897,10039,223281,0,0.61,3.61,15.68,108605,20104,233320,-77247,-310,213242
773052,180025,10205,2687,10205,11263,13059,2926,0,17.64,67.00,4.29,12892,21468,15985,-7518,1058,-10133
1062050,335271,10202,30470,10202,49704,30325,56978,0,32.86,11.00,3.17,40672,59906,87303,20268,39502,26653
33033,16275,10187,9598,10187,5951,5248,3042,0,1.60,1.70,2.03,19785,16138,8290,-589,-4236,-2206
233679,63872,10184,6142,10184,7562,2636,31583,0,6.27,10.40,3.66,16326,17746,34219,-4042,-2622,28947
979218,75150,10181,11285,10181,5511,1436,695,0,7.38,6.66,13.03,21466,15692,2131,1104,-4670,-741
7953,7749,10173,58987,10173,4117,1208,980,1,0.76,0.13,1.03,69160,14290,2188,48814,-6056,-228
308138,14291,10169,12491,10169,3549,5821,655510,1,1.41,1.14,21.56,22660,13718,661331,2322,-6620,649689
781162,15172,10167,22665,10167,3152,2374,2512,0,1.49,0.67,51.49,32832,13319,4886,12498,-7015,138
290565,11126,10157,1851,10157,2597,1301,1579,0,1.10,6.01,26.12,12008,12754,2880,-8306,-7560,278
44301,9346,10143,2285,10143,2862,4011,1960,1,0.92,4.09,4.74,12428,13005,5971,-7858,-7281,-2051
276633,422282,14033,9867,10124,105326,1548,804700,0,30.09,42.80,0.66,23900,115450,806248,-4166,95202,803152
222388,81664,10117,10076,10117,15826,5944,5595,1,8.07,8.10,2.72,20193,25943,11539,-41,5709,-349
162415,53289,10104,7008,10104,1824,2234,1188,1,5.27,7.60,3.05,17112,11928,3422,-3096,-8280,-1046
14104,11702,10092,10703,10092,10936,7595,48925,1,1.16,1.09,1.21,20795,21028,56520,611,844,41330
122622,41746,10078,12383,10078,5708,5057,2896,0,4.14,3.37,2.94,22461,15786,7953,2305,-4370,-2161
1044124,66350,10056,47177,10056,5918,4420,3534,0,6.60,1.41,15.74,57233,15974,7954,37121,-4138,-886
63277,21286,10049,1791,10049,8439,5464,13525,1,2.12,11.88,2.97,11840,18488,18989,-8258,-1610,8061
52660,79164,10039,4440,10039,15662,5714,17962,1,7.89,17.83,0.67,14479,25701,23676,-5599,5623,12248
220271,57972,10033,70305,10033,15577,13055,5246,0,5.78,0.82,3.80,80338,25610,18301,60272,5544,-7809
2851,34173,10029,7010,10029,4492,1527,45548,1,3.41,4.87,0.08,17039,14521,47075,-3019,-5537,44021
46264,31662,10024,37545,10024,4675,1235,69614,1,3.16,0.84,1.46,47569,14699,70849,27521,-5349,68379
883960,450765,10526,10343,10021,5657,5625,155881,0,42.82,43.58,1.96,20869,15678,161506,-183,-4364,150256
576011,180963,10018,5399,10018,11390,5101,2026,0,18.06,33.52,3.18,15417,21408,7127,-4619,1372,-3075
405568,19837,10015,2392,10015,1966,781,501,0,1.98,8.29,20.45,12407,11981,1282,-7623,-8049,-280
1942834,13536,10013,6535,10013,15199,13388,5240,0,1.35,2.07,143.53,16548,25212,18628,-3478,5186,-8148
207866,19160,10010,14535,10010,16031,5814,646166,1,1.91,1.32,10.85,24545,26041,651980,4525,6021,640352
1453725,107439,9995,8671,9995,10626,5678,12651,1,10.75,12.39,13.53,18666,20621,18329,-1324,631,6973
486592,198900,9990,11663,9990,7812,2696,4428,1,19.91,17.05,2.45,21653,17802,7124,1673,-2178,1732
1015093,21774,9987,10834,9987,17432,13612,105388,0,2.18,2.01,46.62,20821,27419,119000,847,7445,91776
404525,43563,46977,12041,9986,9602,4587,75666,0,0.93,3.62,9.29,59018,19588,80253,-34936,-384,71079
1305603,223593,108594,19476,9981,22120,2893,467976,0,2.06,11.48,5.84,128070,32101,470869,-89118,12139,465083
10115,10776,9967,22823,9967,4116,3306,21152,1,1.08,0.47,0.94,32790,14083,24458,12856,-5851,17846
148894,18262,9963,1701,9963,2889,1319,498,0,1.83,10.74,8.15,11664,12852,1817,-8262,-7074,-821
143476,70633,9960,20248,9960,5387,7112,12993,1,7.09,3.49,2.03,30208,15347,20105,10288,-4573,5881
1486685,254502,252748,22633,9948,95330,3539,821975,0,1.01,11.24,5.84,275381,105278,825514,-230115,85382,818436
5870,10602,9931,7846,9931,4706,3059,105759,0,1.07,1.35,0.55,17777,14637,108818,-2085,-5225,102700
454306,133772,9929,11294,9929,6829,3339,172751,0,13.47,11.84,3.40,21223,16758,176090,1365,-3100,169412
109766,15820,9884,3146,9884,1719,892,29787,0,1.60,5.03,6.94,13030,11603,30679,-6738,-8165,28895
117484,43899,18095,9573,9871,8959,2861,69895,0,2.43,4.59,2.68,27668,18830,72756,-8522,-912,67034
1789933,88877,22290,7783,9857,5274,2377,308647,0,3.99,11.42,20.14,30073,15131,311024,-14507,-4583,306270
89895,53730,9845,32270,9845,12938,4721,2203,0,5.46,1.67,1.67,42115,22783,6924,22425,3093,-2518
44725,18030,9843,3139,9843,1959,1050,557,1,1.83,5.74,2.48,12982,11802,1607,-6704,-7884,-493
76436,160670,9839,55611,9839,6211,3980,691289,1,16.33,2.89,0.48,65450,16050,695269,45772,-3628,687309
9039,46231,9828,21388,9828,15955,8492,29090,1,4.70,2.16,0.20,31216,25783,37582,11560,6127,20598
20801,24477,33443,7834,9822,5865,2513,472987,0,0.73,3.12,0.85,41277,15687,475500,-25609,-3957,470474
256957,67491,9822,12399,9822,3533,5759,657111,1,6.87,5.44,3.81,22221,13355,662870,2577,-6289,651352
51052,23632,9817,8699,9817,3640,2877,16576,1,2.41,2.72,2.16,18516,13457,19453,-1118,-6177,13699
333993,29620,9814,11083,9814,8089,3083,3905,0,3.02,2.67,11.28,20897,17903,6988,1269,-1725,822
150589,20667,9803,4747,9803,4720,5985,603102,1,2.11,4.35,7.29,14550,14523,609087,-5056,-5083,597117
391721,62531,9796,4102,9796,5409,5393,666799,1,6.38,15.24,6.26,13898,15205,672192,-5694,-4387,661406
218108,32310,9792,49377,9792,10093,3113,1404,1,3.30,0.65,6.75,59169,19885,4517,39585,301,-1709
2495352,59383,3227,24774,9790,33888,1348,418942,0,18.40,2.40,42.02,28001,43678,420290,21547,24098,417594
1177156,16922,9788,9114,9788,2653,2456,4036,1,1.73,1.86,69.56,18902,12441,6492,-674,-7135,1580
138551,20419,9775,53809,9775,10216,5210,5438,1,2.09,0.38,6.79,63584,19991,10648,44034,441,228
591388,181965,9774,14890,9774,10706,8090,147895,1,18.62,12.22,3.25,24664,20480,155985,5116,932,139805
121978,20825,9755,25110,9755,3619,2133,1972,1,2.13,0.83,5.86,34865,13374,4105,15355,-6136,-161
335111,1348124,163088,7279,9750,336141,11557,1489858,0,8.27,185.21,0.25,170367,345891,1501415,-155809,326391,1478301
6606,7982,9748,1869,9748,3718,1827,49221,1,0.82,4.27,0.83,11617,13466,51048,-7879,-6030,47394
242619,38899,9745,6218,9745,11498,4664,92378,0,3.99,6.26,6.24,15963,21243,97042,-3527,1753,87714
589890,42770,9738,21040,9738,27466,13340,6408,1,4.39,2.03,13.79,30778,37204,19748,11302,17728,-6932
2114937,174795,9733,77251,9733,33607,10873,219727,0,17.96,2.26,12.10,86984,43340,230600,67518,23874,208854
145966,103534,9732,8864,9732,7093,16040,139197,0,10.64,11.68,1.41,18596,16825,155237,-868,-2639,123157
11867,11675,9729,39169,9729,2008,1218,54140,1,1.20,0.30,1.02,48898,11737,55358,29440,-7721,52922
2125526,271881,9715,34719,9715,12651,8325,852060,1,27.99,7.83,7.82,44434,22366,860385,25004,2936,843735
264419,431392,69382,63297,9696,43890,6674,178683,0,6.22,6.82,0.61,132679,53586,185357,-6085,34194,172009
1124811,136504,36339,38575,9683,15021,11705,98215,0,3.76,3.54,8.24,74914,24704,109920,2236,5338,86510
102639,19005,9655,16055,9655,2954,2329,2458,0,1.97,1.18,5.40,25710,12609,4787,6400,-6701,129
73609,42719,9653,13026,9653,6201,1593,25006,0,4.43,3.28,1.72,22679,15854,26599,3373,-3452,23413
317473,222203,9652,15703,9652,37570,19844,37760,1,23.02,14.15,1.43,25355,47222,57604,6051,27918,17916
108348,58733,9649,14802,9649,18436,15026,81506,0,6.09,3.97,1.84,24451,28085,96532,5153,8787,66480
901614,20355,8566,8764,9632,8117,5427,165011,0,2.38,2.32,44.29,17330,17749,170438,198,-1515,159584
263010,8900,9612,23805,9612,20652,5082,73426,1,0.93,0.37,29.55,33417,30264,78508,14193,11040,68344
2600,13980,17874,18596,9605,38945,3125,161259,0,0.78,0.75,0.19,36470,48550,164384,722,29340,158134
316642,35808,9597,20407,9597,3741,3470,160748,1,3.73,1.75,8.84,30004,13338,164218,10810,-5856,157278
245999,18474,11090,3734,9593,8139,2774,22621,0,1.67,4.95,13.32,14824,17732,25395,-7356,-1454,19847
852633,43223,9592,7312,9592,3644,2319,1484,0,4.51,5.91,19.73,16904,13236,3803,-2280,-5948,-835
639677,193633,13416,16748,9577,19527,13682,674610,0,14.43,11.56,3.30,30164,29104,688292,3332,9950,660928
1605648,104221,9576,14979,9576,2844,2208,56831,0,10.88,6.96,15.41,24555,12420,59039,5403,-6732,54623
96533,30564,9571,14900,9571,6333,2264,1420,0,3.19,2.05,3.16,24471,15904,3684,5329,-3238,-844
177557,38509,9569,12118,9569,7680,5888,87309,0,4.02,3.18,4.61,21687,17249,93197,2549,-1889,81421
178475,25859,9567,20414,9567,8400,3448,3109,0,2.70,1.27,6.90,29981,17967,6557,10847,-1167,-339
24824,36707,9565,13334,9565,4077,1013,1517,1,3.84,2.75,0.68,22899,13642,2530,3769,-5488,504
868150,192982,27731,29714,9562,6120,7539,191008,0,6.96,6.49,4.50,57445,15682,198547,1983,-3442,183469
129913,153697,9561,5738,9561,3226,3236,167564,1,16.08,26.79,0.85,15299,12787,170800,-3823,-6335,164328
326595,30223,9539,56758,9539,21645,28542,5980,0,3.17,0.53,10.81,66297,31184,34522,47219,12106,-22562
326571,446661,131793,37389,9536,66405,2873,663272,0,3.39,11.95,0.73,169182,75941,666145,-94404,56869,660399
132427,18756,9515,2422,9515,1516,1488,4138,0,1.97,7.74,7.06,11937,11031,5626,-7093,-7999,2650
171442,8186,9500,28133,9500,9291,3556,24481,1,0.86,0.29,20.94,37633,18791,28037,18633,-209,20925
11164,5216,9499,6346,9499,2023,3419,31942,1,0.55,0.82,2.14,15845,11522,35361,-3153,-7476,28523
173913,22438,9497,9626,9497,1307,1370,1241,1,2.36,2.33,7.75,19123,10804,2611,129,-8190,-129
1509852,219071,9497,46331,9497,27318,11121,186475,0,23.07,4.73,6.89,55828,36815,197596,36834,17821,175354
231486,77539,9478,7154,9478,15512,7300,5968,0,8.18,10.84,2.99,16632,24990,13268,-2324,6034,-1332
358364,29847,9475,9947,9475,3200,1285,60244,0,3.15,3.00,12.01,19422,12675,61529,472,-6275,58959
17741,66123,28255,14636,9468,44942,13397,178521,0,2.34,4.52,0.27,42891,54410,191918,-13619,35474,165124
770855,225298,25654,34802,9461,12283,13503,173109,0,8.78,6.47,3.42,60456,21744,186612,9148,2822,159606
16427,29904,9445,16741,9445,20118,5963,49228,1,3.17,1.79,0.55,26186,29563,55191,7296,10673,43265
54234,27353,9444,16105,9444,5634,5823,78851,0,2.90,1.70,1.98,25549,15078,84674,6661,-3810,73028
119566,22792,32149,15203,9440,8655,2979,533117,0,0.71,1.50,5.25,47352,18095,536096,-16946,-785,530138
193775,50621,9434,11614,9434,3700,2983,2107,0,5.37,4.36,3.83,21048,13134,5090,2180,-5734,-876
191929,30037,9420,1636,9420,5689,12182,17782,0,3.19,18.36,6.39,11056,15109,29964,-7784,-3731,5600
58993,69459,9414,13376,9414,10627,4312,127279,0,7.38,5.19,0.85,22790,20041,131591,3962,1213,122967
83537,15203,9377,1876,9377,7650,717,128556,1,1.62,8.10,5.49,11253,17027,129273,-7501,-1727,127839
43939,12196,9362,1117,9362,6643,6350,129720,0,1.30,10.92,3.60,10479,16005,136070,-8245,-2719,123370
10773,39071,9359,12892,9359,14878,6505,95130,0,4.17,3.03,0.28,22251,24237,101635,3533,5519,88625
1325422,172939,7470,22503,9357,8396,1492,165078,0,23.15,7.69,7.66,29973,17753,166570,15033,-961,163586
547182,24108,9357,8510,9357,1285,624,66405,1,2.58,2.83,22.70,17867,10642,67029,-847,-8072,65781
647280,123932,41655,18468,9348,31205,5714,236243,0,2.98,6.71,5.22,60123,40553,241957,-23187,21857,230529
210410,55047,9348,15931,9348,11989,9944,107780,0,5.89,3.46,3.82,25279,21337,117724,6583,2641,97836
482058,24476,9345,26854,9345,38681,12344,7180,0,2.62,0.91,19.70,36199,48026,19524,17509,29336,-5164
157330,37440,9344,10211,9344,4741,2291,1389,0,4.01,3.67,4.20,19555,14085,3680,867,-4603,-902
654316,13583,11987,24906,9339,2631,2554,123511,0,1.13,0.55,48.17,36893,11970,126065,12919,-6708,120957
112524,22511,9331,5568,9331,3256,2318,43534,0,2.41,4.04,5.00,14899,12587,45852,-3763,-6075,41216
590358,243590,9329,21354,9329,14123,9376,696433,1,26.11,11.41,2.42,30683,23452,705809,12025,4794,687057
1044701,67651,9325,13147,9325,9822,5860,78259,0,7.25,5.15,15.44,22472,19147,84119,3822,497,72399
444835,11647,9318,7846,9318,6345,5848,8979,1,1.25,1.48,38.19,17164,15663,14827,-1472,-2973,3131
792832,19394,9312,12971,9312,1834,1070,79244,0,2.08,1.50,40.88,22283,11146,80314,3659,-7478,78174
6438,8940,9309,3428,9309,3003,1546,2857,1,0.96,2.61,0.72,12737,12312,4403,-5881,-6306,1311
488632,225339,11588,22099,9307,3036,1487,95149,0,19.45,10.20,2.17,33687,12343,96636,10511,-6271,93662
88833,19272,9301,14354,9301,13936,3060,1614,0,2.07,1.34,4.61,23655,23237,4674,5053,4635,-1446
6785,9103,9298,3092,9298,6652,2204,76224,1,0.98,2.94,0.75,12390,15950,78428,-6206,-2646,74020
470328,68261,10324,3711,9291,14004,590,169488,0,6.61,18.39,6.89,14035,23295,170078,-6613,4713,168898
1439382,66922,45161,21481,9290,7918,8337,190581,0,1.48,3.12,21.51,66642,17208,198918,-23680,-1372,182244
108300,16187,9289,5945,9289,4636,5055,2298,0,1.74,2.72,6.69,15234,13925,7353,-3344,-4653,-2757
323073,18457,9286,6766,9286,10093,4348,635344,1,1.99,2.73,17.50,16052,19379,639692,-2520,807,630996
1607869,761218,147582,147351,9273,69462,11025,960350,0,5.16,5.17,2.11,294933,78735,971375,-231,60189,949325
326308,144446,62792,33191,9263,21592,3316,347158,0,2.30,4.35,2.26,95983,30855,350474,-29601,12329,343842
239059,50698,9261,20455,9261,12702,5067,6209,1,5.47,2.48,4.72,29716,21963,11276,11194,3441,1142
214867,25559,9257,6854,9257,2221,447,850,0,2.76,3.73,8.41,16111,11478,1297,-2403,-7036,403
195959,87292,9252,6661,9252,3786,4560,30078,0,9.43,13.10,2.24,15913,13038,34638,-2591,-5466,25518
60492,25407,9243,29880,9243,13382,7203,40442,1,2.75,0.85,2.38,39123,22625,47645,20637,4139,33239
5478,12468,9234,24758,9234,4979,4210,39296,1,1.35,0.50,0.44,33992,14213,43506,15524,-4255,35086
2405630,341921,9233,54013,9233,27889,13026,20352,1,37.03,6.33,7.04,63246,37122,33378,44780,18656,7326
1010119,68034,9203,14917,9203,7212,4784,1944,0,7.39,4.56,14.85,24120,16415,6728,5714,-1991,-2840
227848,15577,9202,2842,9202,3074,602,63603,1,1.69,5.48,14.63,12044,12276,64205,-6360,-6128,63001
92573,65746,9201,4749,9201,10020,1566,65635,1,7.15,13.84,1.41,13950,19221,67201,-4452,819,64069
46110,35842,9197,26265,9197,3293,2133,1869,0,3.90,1.36,1.29,35462,12490,4002,17068,-5904,-264
186897,162550,9196,6109,9196,10126,3418,3605,0,17.68,26.61,1.15,15305,19322,7023,-3087,930,187
643396,60216,9188,10351,9188,5419,2950,196343,1,6.55,5.82,10.68,19539,14607,199293,1163,-3769,193393
5073,19992,9188,3005,9188,3317,1381,74320,1,2.18,6.65,0.25,12193,12505,75701,-6183,-5871,72939
13192,15429,9187,8480,9187,23197,5685,106685,0,1.68,1.82,0.86,17667,32384,112370,-707,14010,101000
23913,65226,9164,4167,9164,5655,10063,27466,1,7.12,15.65,0.37,13331,14819,37529,-4997,-3509,17403
1085634,59669,9146,23763,9146,7115,4416,4158,0,6.52,2.51,18.19,32909,16261,8574,14617,-2031,-258
141506,26249,9145,9094,9145,2322,606,80167,1,2.87,2.89,5.39,18239,11467,80773,-51,-6823,79561
419743,90555,9142,6023,9142,15447,6245,100151,0,9.91,15.03,4.64,15165,24589,106396,-3119,6305,93906
16916,6243,9138,2137,9138,13958,1953,42942,1,0.68,2.92,2.71,11275,23096,44895,-7001,4820,40989
21901,9072,9138,5007,9138,6970,7445,26804,1,0.99,1.81,2.41,14145,16108,34249,-4131,-2168,19359
483280,26155,9126,17311,9126,2678,1968,1233,0,2.87,1.51,18.48,26437,11804,3201,8185,-6448,-735
62167,29407,9125,50357,9125,6358,2649,2201,0,3.22,0.58,2.11,59482,15483,4850,41232,-2767,-448
600902,37635,9117,3516,9117,4805,8013,2767,0,4.13,10.70,15.97,12633,13922,10780,-5601,-4312,-5246
63355,34340,9115,3791,9115,10118,4474,6195,1,3.77,9.06,1.84,12906,19233,10669,-5324,1003,1721
593984,257640,62842,26584,9088,61007,1612,834564,0,4.10,9.69,2.31,89426,70095,836176,-36258,51919,832952
437239,116321,9083,6574,9083,15437,4547,27027,0,12.81,17.69,3.76,15657,24520,31574,-2509,6354,22480
535109,141863,45952,25786,9074,7114,3434,334960,0,3.09,5.50,3.77,71738,16188,338394,-20166,-1960,331526
405173,48569,9065,16120,9065,13456,12311,8472,1,5.36,3.01,8.34,25185,22521,20783,7055,4391,-3839
289370,56922,9043,9936,9043,4399,2512,2448,0,6.29,5.73,5.08,18979,13442,4960,893,-4644,-64
89144,50042,9036,9482,9036,6055,5141,3177,0,5.54,5.28,1.78,18518,15091,8318,446,-2981,-1964
412075,254008,9024,18811,9024,6695,1843,256529,1,28.15,13.50,1.62,27835,15719,258372,9787,-2329,254686
276365,19723,4080,6252,9023,1443,651,82625,0,4.83,3.15,14.01,10332,10466,83276,2172,-7580,81974
16272,16377,9005,4747,9005,12777,2558,47303,1,1.82,3.45,0.99,13752,21782,49861,-4258,3772,44745
484429,38868,8996,7323,8996,5844,1815,124498,0,4.32,5.31,12.46,16319,14840,126313,-1673,-3152,122683
676225,144646,8985,11496,8985,6998,13639,4382,1,16.10,12.58,4.68,20481,15983,18021,2511,-1987,-9257
69741,72101,8979,10034,8979,3864,1564,1239,0,8.03,7.19,0.97,19013,12843,2803,1055,-5115,-325
154747,25656,4197,8993,8967,2845,908,77306,0,6.11,2.85,6.03,13190,11812,78214,4796,-6122,76398
97358,23630,8966,2629,8966,9409,396,68490,0,2.64,8.99,4.12,11595,18375,68886,-6337,443,68094
1043758,46280,12740,16747,8958,4376,6831,93445,0,3.63,2.76,22.55,29487,13334,100276,4007,-4582,86614
14814,10952,8958,18533,8958,7539,8659,14121,1,1.22,0.59,1.35,27491,16497,22780,9575,-1419,5462
416948,881799,11286,265054,8934,218306,5078,1106090,0,78.13,3.33,0.47,276340,227240,1111168,253768,209372,1101012
143827,41770,8911,50224,8911,3292,5979,4562,1,4.69,0.83,3.44,59135,12203,10541,41313,-5619,-1417
310148,80019,8905,6068,8905,5219,1004,1139,0,8.99,13.19,3.88,14973,14124,2143,-2837,-3686,135
28691,14695,8881,24182,8881,4636,4641,157439,1,1.65,0.61,1.95,33063,13517,162080,15301,-4245,152798
934665,222078,237728,11896,8864,64911,1556,829197,0,0.93,18.67,4.21,249624,73775,830753,-225832,56047,827641
295615,133841,27033,14195,8864,8259,11695,58684,0,4.95,9.43,2.21,41228,17123,70379,-12838,-605,46989
1385021,66557,8859,33846,8859,14655,6250,5217,0,7.51,1.97,20.81,42705,23514,11467,24987,5796,-1033
4147,6867,8859,15973,8859,3658,4889,2785,1,0.78,0.43,0.60,24832,12517,7674,7114,-5201,-2104
561363,268897,51573,329602,8836,199036,2879,1099018,0,5.21,0.82,2.09,381175,207872,1101897,278029,190200,1096139
22865,9749,8827,1348,8827,3620,2080,73368,1,1.10,7.23,2.35,10175,12447,75448,-7479,-5207,71288
11016,14258,8823,6646,8823,12001,8436,24310,1,1.62,2.15,0.77,15469,20824,32746,-2177,3178,15874
124020,15725,1237,3638,8818,4731,1608,93136,0,12.71,4.32,7.89,4875,13549,94744,2401,-4087,91528
1116642,49183,8817,5468,8817,4540,2295,1910,0,5.58,8.99,22.70,14285,13357,4205,-3349,-4277,-385
223216,13744,8817,18052,8817,17778,8456,15669,1,1.56,0.76,16.24,26869,26595,24125,9235,8961,7213
14157,21975,8811,14847,8811,5051,3393,36116,1,2.49,1.48,0.64,23658,13862,39509,6036,-3760,32723
502095,145448,8800,15195,8800,32775,8799,658607,1,16.53,9.57,3.45,23995,41575,667406,6395,23975,649808
470437,453751,172258,62890,8797,65164,3769,855072,0,2.63,7.21,1.04,235148,73961,858841,-109368,56367,851303
309973,14644,8797,36093,8797,4210,361,131029,1,1.66,0.41,21.17,44890,13007,131390,27296,-4587,130668
84210,9052,8795,4860,8795,3511,4813,2586,1,1.03,1.86,9.30,13655,12306,7399,-3935,-5284,-2227
256106,72809,8786,8465,8786,12426,18418,23303,1,8.29,8.60,3.52,17251,21212,41721,-321,3640,4885
6447,50646,8786,1543,8786,3719,2674,53805,1,5.76,32.82,0.13,10329,12505,56479,-7243,-5067,51131
18959,37926,8785,15868,8785,5099,9260,3530,0,4.32,2.39,0.50,24653,13884,12790,7083,-3686,-5730
32240,52769,8776,7136,8776,5617,22625,21943,1,6.01,7.39,0.61,15912,14393,44568,-1640,-3159,-682
9646,9604,8775,11565,8775,6083,1660,26159,1,1.09,0.83,1.00,20340,14858,27819,2790,-2692,24499
154114,48035,8757,20301,8757,4097,3793,761,0,5.49,2.37,3.21,29058,12854,4554,11544,-4660,-3032
44648,13557,8757,38111,8757,5249,1829,1922,1,1.55,0.36,3.29,46868,14006,3751,29354,-3508,93
820911,316514,16161,9689,8755,151910,2794,814071,0,19.59,32.67,2.59,25850,160665,816865,-6472,143155,811277
396521,427433,49463,17188,8735,42472,2555,443220,0,8.64,24.87,0.93,66651,51207,445775,-32275,33737,440665
1413738,228168,8730,38255,8730,5654,5168,5279,0,26.14,5.96,6.20,46985,14384,10447,29525,-3076,111
142721,60485,8712,33521,8712,14423,2876,15416,0,6.94,1.80,2.36,42233,23135,18292,24809,5711,12540
541456,12733,8710,292,8710,4586,2562,1902,0,1.46,43.61,42.52,9002,13296,4464,-8418,-4124,-660
227390,33470,7545,6534,8702,3588,646,75398,0,4.44,5.12,6.79,14079,12290,76044,-1011,-5114,74752
473192,25337,8696,8827,8696,2567,1167,189482,1,2.91,2.87,18.68,17523,11263,190649,131,-6129,188315
85875,25116,8690,25156,8690,4731,2954,2227,1,2.89,1.00,3.42,33846,13421,5181,16466,-3959,-727
12113,22974,37468,6456,8686,8629,2336,393916,0,0.61,3.56,0.53,43924,17315,396252,-31012,-57,391580
367484,29972,8685,1761,8685,1859,4498,1452,1,3.45,17.02,12.26,10446,10544,5950,-6924,-6826,-3046
107971,19311,11466,4752,8685,4103,805,82275,0,1.68,4.06,5.59,16218,12788,83080,-6714,-4582,81470
384160,78866,8682,15317,8682,23070,7155,41261,0,9.08,5.15,4.87,23999,31752,48416,6635,14388,34106
83213,35300,8682,5390,8682,5962,2719,2915,0,4.07,6.55,2.36,14072,14644,5634,-3292,-2720,196
401292,163724,8673,33251,8673,25205,18152,7211,0,18.88,4.92,2.45,41924,33878,25363,24578,16532,-10941
11146,13107,8668,4257,8668,5896,4015,27546,1,1.51,3.08,0.85,12925,14564,31561,-4411,-2772,23531
102181,10574,8666,9552,8666,4205,4937,26547,1,1.22,1.11,9.66,18218,12871,31484,886,-4461,21610
189114,43215,8656,2131,8656,1959,2596,93492,0,4.99,20.28,4.38,10787,10615,96088,-6525,-6697,90896
218012,34607,8646,20913,8646,3701,1965,4173,1,4.00,1.65,6.30,29559,12347,6138,12267,-4945,2208
8194,11025,8643,53768,8643,6263,3654,1718,0,1.28,0.21,0.74,62411,14906,5372,45125,-2380,-1936
37554,36842,8627,2297,8627,9790,5685,137467,0,4.27,16.04,1.02,10924,18417,143152,-6330,1163,131782
662156,14858,28844,11660,8612,4754,3198,20840,0,0.52,1.27,44.57,40504,13366,24038,-17184,-3858,17642
75410,43144,8601,13564,8601,11663,2515,3251,0,5.02,3.18,1.75,22165,20264,5766,4963,3062,736
710204,113902,8587,3019,8587,1880,464,63145,0,13.26,37.73,6.24,11606,10467,63609,-5568,-6707,62681
40263,16279,8572,19506,8572,11602,4929,66828,0,1.90,0.83,2.47,28078,20174,71757,10934,3030,61899
350338,33398,8571,13811,8571,4546,5712,3310,0,3.90,2.42,10.49,22382,13117,9022,5240,-4025,-2402
150876,65352,8570,5158,8570,14580,1158,110795,0,7.63,12.67,2.31,13728,23150,111953,-3412,6010,109637
919091,150497,143393,5538,8568,93123,1307,775286,0,1.05,27.18,6.11,148931,101691,776593,-137855,84555,773979
136826,404627,8567,27424,8567,14509,11890,697979,1,47.23,14.75,0.34,35991,23076,709869,18857,5942,686089
53501,17207,8564,3426,8564,4203,749,87589,0,2.01,5.02,3.11,11990,12767,88338,-5138,-4361,86840
19499,15844,8559,44769,8559,3711,5164,2292,1,1.85,0.35,1.23,53328,12270,7456,36210,-4848,-2872
106451,20864,8550,6298,8550,2454,4169,2291,0,2.44,3.31,5.10,14848,11004,6460,-2252,-6096,-1878
440928,9443,8548,3207,8548,6606,2856,3542,1,1.10,2.94,46.69,11755,15154,6398,-5341,-1942,686
1869340,126246,94824,40753,8538,6503,6775,190749,0,1.33,3.10,14.81,135577,15041,197524,-54071,-2035,183974
359803,62172,8538,16289,8538,22668,7255,9210,0,7.28,3.82,5.79,24827,31206,16465,7751,14130,1955
478341,205061,59541,21385,8522,101239,2523,710358,0,3.44,9.59,2.33,80926,109761,712881,-38156,92717,707835
82187,4083,8510,33519,8510,4291,3221,3364,0,0.48,0.12,20.13,42029,12801,6585,25009,-4219,143
571527,39516,8504,23252,8504,9024,4177,630585,1,4.65,1.70,14.46,31756,17528,634762,14748,520,626408
459802,209325,8500,14894,8500,4851,987,213399,1,24.63,14.05,2.20,23394,13351,214386,6394,-3649,212412
1026573,32516,14858,12807,8495,26732,7972,39616,0,2.19,2.54,31.57,27665,35227,47588,-2051,18237,31644
296663,119551,8478,17283,8478,15949,4114,635636,1,14.10,6.92,2.48,25761,24427,639750,8805,7471,631522
3689,14150,8478,17539,8478,5666,2606,65144,1,1.67,0.81,0.26,26017,14144,67750,9061,-2812,62538
3380,12631,8470,50231,8470,6562,2946,3873,0,1.49,0.25,0.27,58701,15032,6819,41761,-1908,927
161613,3073,8462,7540,8462,9437,4746,2821,0,0.36,0.41,52.59,16002,17899,7567,-922,975,-1925
6210,58190,8446,18519,8452,8670,8203,328432,0,6.89,3.14,0.11,26965,17122,336635,10073,218,320229
36887,23945,8449,1970,8449,6523,3692,655992,1,2.83,12.15,1.54,10419,14972,659684,-6479,-1926,652300
208390,11697,8447,7506,8447,5095,5762,679980,1,1.38,1.56,17.82,15953,13542,685742,-941,-3352,674218
7158,10253,8440,4556,8440,1772,2272,49674,1,1.21,2.25,0.70,12996,10212,51946,-3884,-6668,47402
20665,29556,8437,56779,8437,29634,8735,100446,0,3.50,0.52,0.70,65216,38071,109181,48342,21197,91711
357573,28483,8435,13942,8435,6522,1480,904,0,3.38,2.04,12.55,22377,14957,2384,5507,-1913,-576
486922,103324,8432,7307,8432,3661,4093,166954,1,12.25,14.14,4.71,15739,12093,171047,-1125,-4771,162861
19185,20831,8429,750,8429,3432,1142,1895,1,2.47,27.77,0.92,9179,11861,3037,-7679,-4997,753
106071,21892,8423,3228,8423,951,448,47509,1,2.60,6.78,4.85,11651,9374,47957,-5195,-7472,47061
306050,74312,4022,5187,8418,2752,2498,44018,0,18.48,14.33,4.12,9209,11170,46516,1165,-5666,41520
645785,128433,8417,19840,8417,9460,7274,694695,1,15.26,6.47,5.03,28257,17877,701969,11423,1043,687421
25675,14495,8406,13784,8406,3791,1066,50478,1,1.72,1.05,1.77,22190,12197,51544,5378,-4615,49412
690419,62638,48815,35824,8403,30044,2457,306477,0,1.28,1.75,11.02,84639,38447,308934,-12991,21641,304020
626866,39294,8384,8781,8384,8754,8040,63799,0,4.69,4.47,15.95,17165,17138,71839,397,370,55759
134176,209975,41705,5393,8383,147957,5987,829853,0,5.03,38.93,0.64,47098,156340,835840,-36312,139574,823866
23441,14603,8383,5767,8383,15561,14500,37507,1,1.74,2.53,1.61,14150,23944,52007,-2616,7178,23007
24114,25598,8375,8113,8375,7962,5479,5854,1,3.06,3.16,0.94,16488,16337,11333,-262,-413,375
96007,72818,8365,12672,8365,27619,6349,60156,0,8.71,5.75,1.32,21037,35984,66505,4307,19254,53807
534970,186122,8361,34869,8361,8757,9060,529986,1,22.26,5.34,2.87,43230,17118,539046,26508,396,520926
170665,98774,8355,13607,8355,17528,10798,84729,1,11.82,7.26,1.73,21962,25883,95527,5252,9173,73931
748603,19089,7496,48690,8346,3402,1998,217261,0,2.55,0.39,39.22,56186,11748,219259,41194,-4944,215263
204106,70291,8340,14623,8340,5439,379,115838,1,8.43,4.81,2.90,22963,13779,116217,6283,-2901,115459
527295,175299,81153,7968,8327,8800,7406,96086,0,2.16,22.00,3.01,89121,17127,103492,-73185,473,88680
222127,56413,8318,33091,8318,12000,8626,6019,0,6.78,1.70,3.94,41409,20318,14645,24773,3682,-2607
13436,16928,8311,13795,8311,9474,15197,24731,1,2.04,1.23,0.79,22106,17785,39928,5484,1163,9534
233332,38133,8307,5321,8307,5046,979,727,0,4.59,7.17,6.12,13628,13353,1706,-2986,-3261,-252
84726,49114,8302,5389,8302,3907,1622,58831,1,5.92,9.11,1.73,13691,12209,60453,-2913,-4395,57209
176786,193085,75620,51393,8273,62078,3514,576226,0,2.55,3.76,0.92,127013,70351,579740,-24227,53805,572712
1493476,165201,41921,47472,8262,73712,2493,863548,0,3.94,3.48,9.04,89393,81974,866041,5551,65450,861055
1003034,736064,162038,25930,8261,245327,7048,1522998,0,4.54,28.39,1.36,187968,253588,1530046,-136108,237066,1515950
6767,32052,8250,12777,8250,20540,6418,59742,1,3.89,2.51,0.21,21027,28790,66160,4527,12290,53324
92762,9383,8246,24594,8246,5343,2649,4946,1,1.14,0.38,9.89,32840,13589,7595,16348,-2903,2297
163209,66240,8245,26626,8245,14671,5136,2828,0,8.03,2.49,2.46,34871,22916,7964,18381,6426,-2308
220987,3194358,14121,785947,8235,208417,6945,1575524,0,226.21,4.06,0.07,800068,216652,1582469,771826,200182,1568579
268910,148041,8222,5589,8222,10733,8613,93415,0,18.01,26.49,1.82,13811,18955,102028,-2633,2511,84802
492539,46325,8207,6362,8207,3453,2645,4370,1,5.64,7.28,10.63,14569,11660,7015,-1845,-4754,1725
4869,23775,8204,2667,8204,4230,3096,60401,1,2.90,8.91,0.20,10871,12434,63497,-5537,-3974,57305
639625,36347,8203,21150,8203,7224,2558,19293,0,4.43,1.72,17.60,29353,15427,21851,12947,-979,16735
392985,44661,8200,7252,8200,4514,457,197,0,5.45,6.16,8.80,15452,12714,654,-948,-3686,-260
526283,92870,8191,31379,8191,5265,3207,1308,0,11.34,2.96,5.67,39570,13456,4515,23188,-2926,-1899
162847,75314,8179,22318,8179,13602,6517,5952,0,9.21,3.37,2.16,30497,21781,12469,14139,5423,-565
137230,56162,17597,8668,8177,8105,13834,71327,0,3.19,6.48,2.44,26265,16282,85161,-8929,-72,57493
120831,15963,8164,16761,8164,9427,3898,611366,1,1.96,0.95,7.57,24925,17591,615264,8597,1263,607468
706721,33476,8160,13550,8160,2448,1319,44791,1,4.10,2.47,21.11,21710,10608,46110,5390,-5712,43472
205232,19839,8149,2517,8149,1363,718,39843,1,2.43,7.88,10.34,10666,9512,40561,-5632,-6786,39125
442202,195702,48000,40093,8147,18706,5444,314379,0,4.08,4.88,2.26,88093,26853,319823,-7907,10559,308935
36484,7865,8145,5688,8145,4396,3347,3291,1,0.97,1.38,4.64,13833,12541,6638,-2457,-3749,-56
432652,37025,10694,4560,8142,3695,1036,320227,0,3.46,8.12,11.69,15254,11837,321263,-6134,-4447,319191
611565,541164,8131,73170,8131,86123,11434,1018738,0,66.56,7.40,1.13,81301,94254,1030172,65039,77992,1007304
4254,11496,8128,54140,8128,7507,5486,1755,1,1.41,0.21,0.37,62268,15635,7241,46012,-621,-3731
543993,218743,74684,12580,8127,93915,5809,712699,0,2.93,17.39,2.49,87264,102042,718508,-62104,85788,706890
2017900,205211,62549,26485,8115,20482,3389,493699,0,3.28,7.75,9.83,89034,28597,497088,-36064,12367,490310
560657,29091,8115,7830,8115,5644,9374,72911,0,3.58,3.72,19.27,15945,13759,82285,-285,-2471,63537
409735,85553,8097,18218,8097,9552,4019,356056,0,10.57,4.70,4.79,26315,17649,360075,10121,1455,352037
1001469,112015,144760,2330,8094,44602,1035,488640,0,0.77,48.08,8.94,147090,52696,489675,-142430,36508,487605
24298,26397,8093,41599,8093,3100,4222,1841,0,3.26,0.63,0.92,49692,11193,6063,33506,-4993,-2381
313954,1171918,510080,5517,8091,306613,8860,1582330,0,2.30,212.42,0.27,515597,314704,1591190,-504563,298522,1573470
384522,77008,8079,16669,8079,27849,7468,13246,0,9.53,4.62,4.99,24748,35928,20714,8590,19770,5778
13593,3873,8073,48868,8073,7283,2283,2801,1,0.48,0.08,3.51,56941,15356,5084,40795,-790,518
745400,168898,26356,17703,8065,5031,3917,188656,0,6.41,9.54,4.41,44059,13096,192573,-8653,-3034,184739
63499,60467,8060,6085,8060,4652,10289,12083,0,7.50,9.94,1.05,14145,12712,22372,-1975,-3408,1794
382401,64500,8056,9708,8056,5050,3341,171214,1,8.01,6.64,5.93,17764,13106,174555,1652,-3006,167873
307023,388365,8055,4210,8055,12376,13048,15486,0,48.21,92.25,0.79,12265,20431,28534,-3845,4321,2438
213303,18772,8052,8082,8052,1767,1661,61228,0,2.33,2.32,11.36,16134,9819,62889,30,-6285,59567
1003508,261238,8046,70199,8046,17418,11088,575233,1,32.47,3.72,3.84,78245,25464,586321,62153,9372,564145
48868,21259,8034,12687,8034,6664,5005,3231,1,2.65,1.68,2.30,20721,14698,8236,4653,-1370,-1774
9952,9360,8025,2031,8025,8717,3808,112350,1,1.17,4.61,1.06,10056,16742,116158,-5994,692,108542
1096388,37785,8020,8223,8020,4525,1674,1376,1,4.71,4.60,29.02,16243,12545,3050,203,-3495,-298
41572,25838,8010,33998,8010,5243,10825,5547,1,3.23,0.76,1.61,42008,13253,16372,25988,-2767,-5278
253543,22327,8003,12493,8003,8860,2456,3699,1,2.79,1.79,11.36,20496,16863,6155,4490,857,1243
104720,115479,7995,17039,7995,3220,3313,5947,0,14.44,6.78,0.91,25034,11215,9260,9044,-4775,2634
340224,1234841,3619,293455,7993,285488,4971,1530407,0,341.21,4.21,0.28,297074,293481,1535378,289836,277495,1525436
760624,42340,7992,5074,7992,2896,4753,83539,0,5.30,8.34,17.96,13066,10888,88292,-2918,-5096,78786
49801,10160,7397,9955,7991,13570,13942,206909,0,1.37,1.02,4.90,17352,21561,220851,2558,5579,192967
262203,27973,7979,2839,7979,2041,474,63085,1,3.51,9.85,9.37,10818,10020,63559,-5140,-5938,62611
63169,18084,7977,1463,7977,2591,1507,2102,1,2.27,12.36,3.49,9440,10568,3609,-6514,-5386,595
1518278,224866,70140,151599,7971,176904,3070,1606347,0,3.21,1.48,6.75,221739,184875,1609417,81459,168933,1603277
69938,33813,7961,20191,7961,8174,1711,2745,0,4.25,1.67,2.07,28152,16135,4456,12230,213,1034
326727,12978,7947,2859,7947,959,461,57808,1,1.63,4.54,25.18,10806,8906,58269,-5088,-6988,57347
1396,93881,7944,27897,7944,8191,1971,169013,1,11.82,3.37,0.01,35841,16135,170984,19953,247,167042
96389,74149,7929,96407,7929,7246,11680,68751,0,9.35,0.77,1.30,104336,15175,80431,88478,-683,57071
1066142,147034,12020,7371,7907,30498,2537,274791,0,12.23,19.95,7.25,19391,38405,277328,-4649,22591,272254
60221,5617,7890,11811,7890,3721,1247,542,0,0.71,0.48,10.72,19701,11611,1789,3921,-4169,-705
680827,163598,7889,19735,7889,11025,6646,166098,0,20.74,8.29,4.16,27624,18914,172744,11846,3136,159452
498077,104095,65852,6672,7888,15631,10629,102601,0,1.58,15.60,4.78,72524,23519,113230,-59180,7743,91972
423653,43958,7886,1435,7886,546,442,42906,0,5.57,30.63,9.64,9321,8432,43348,-6451,-7340,42464
264659,21853,7859,9423,7859,1166,4116,1641,0,2.78,2.32,12.11,17282,9025,5757,1564,-6693,-2475
153328,72699,7854,9092,7854,6892,7834,3957,1,9.26,8.00,2.11,16946,14746,11791,1238,-962,-3877
208253,149777,7849,7801,7849,2071,1889,3003,0,19.08,19.20,1.39,15650,9920,4892,-48,-5778,1114
15445,11382,7840,52594,7840,6047,1611,1801,1,1.45,0.22,1.36,60434,13887,3412,44754,-1793,190
225474,13693,7831,12001,7831,3604,8291,8815,1,1.75,1.14,16.47,19832,11435,17106,4170,-4227,524
17076,14816,7821,15294,7821,15390,10447,12934,1,1.89,0.97,1.15,23115,23211,23381,7473,7569,2487
7057,17051,7813,4055,7813,24249,11955,76953,0,2.18,4.20,0.41,11868,32062,88908,-3758,16436,64998
28993,28222,7809,6063,7809,8348,5339,25354,1,3.61,4.65,1.03,13872,16157,30693,-1746,539,20015
5767,10279,7808,13421,7808,6634,7244,2776,0,1.32,0.77,0.56,21229,14442,10020,5613,-1174,-4468
229358,36181,7806,6240,7806,2682,983,538,1,4.64,5.80,6.34,14046,10488,1521,-1566,-5124,-445
879430,42196,7796,6474,7796,5099,3882,27612,0,5.41,6.52,20.84,14270,12895,31494,-1322,-2697,23730
670305,449094,173450,9062,7795,175296,3160,883556,0,2.59,49.56,1.49,182512,183091,886716,-164388,167501,880396
19627,14479,7792,43986,7792,12011,8247,26626,1,1.86,0.33,1.36,51778,19803,34873,36194,4219,18379
33883,13419,7778,6096,7778,2930,1528,55131,1,1.73,2.20,2.53,13874,10708,56659,-1682,-4848,53603
227787,49645,7777,6385,7777,3135,2892,85522,0,6.38,7.78,4.59,14162,10912,88414,-1392,-4642,82630
457762,92456,7774,27354,7774,12670,8993,5566,1,11.89,3.38,4.95,35128,20444,14559,19580,4896,-3427
9245,24395,7759,8717,7759,9968,18547,4183,0,3.14,2.80,0.38,16476,17727,22730,958,2209,-14364
620377,139669,17040,15979,7754,34562,6698,60782,0,8.20,8.74,4.44,33019,42316,67480,-1061,26808,54084
16563,16818,7735,21068,7735,13551,4965,35561,1,2.17,0.80,0.98,28803,21286,40526,13333,5816,30596
76703,144637,7728,18404,7728,14395,8075,8533,0,18.72,7.86,0.53,26132,22123,16608,10676,6667,458
607626,65896,42383,15034,7725,3720,3559,200488,0,1.55,4.38,9.22,57417,11445,204047,-27349,-4005,196929
569518,257701,21866,9521,7723,4521,3104,178356,0,11.79,27.07,2.21,31387,12244,181460,-12345,-3202,175252
62668,3409,9976,14142,7716,8526,3597,28801,0,0.34,0.24,18.38,24118,16242,32398,4166,810,25204
170871,74283,7707,5574,7707,8682,3201,634010,1,9.64,13.33,2.30,13281,16389,637211,-2133,975,630809
145178,18107,7701,12362,7701,7371,2588,34194,0,2.35,1.46,8.02,20063,15072,36782,4661,-330,31606
158958,2574,7698,11897,7698,8574,853,747,0,0.33,0.22,61.76,19595,16272,1600,4199,876,-106
484863,149147,7690,28509,7690,21992,7245,537654,1,19.39,5.23,3.25,36199,29682,544899,20819,14302,530409
2605,8701,2404,2675,7688,6318,1982,310686,0,3.62,3.25,0.30,5079,14006,312668,271,-1370,308704
581993,78216,7683,19060,7683,9548,3189,142109,0,10.18,4.10,7.44,26743,17231,145298,11377,1865,138920
1140129,254929,7681,26910,7681,26116,13050,179802,0,33.19,9.47,4.47,34591,33797,192852,19229,18435,166752
126395,21369,7669,84207,7669,3627,2016,1408,1,2.79,0.25,5.91,91876,11296,3424,76538,-4042,-608
128464,38869,7665,2713,7665,730,1478,33626,0,5.07,14.33,3.31,10378,8395,35104,-4952,-6935,32148
30149,29151,7660,1059,7660,662,543,44579,1,3.81,27.53,1.03,8719,8322,45122,-6601,-6998,44036
574589,24191,28273,14095,7652,11163,5936,556646,0,0.86,1.72,23.75,42368,18815,562582,-14178,3511,550710
976633,207400,15829,78028,7652,13115,1357,414320,0,13.10,2.66,4.71,93857,20767,415677,62199,5463,412963
939791,340615,7651,18863,7651,20064,17129,22949,1,44.52,18.06,2.76,26514,27715,40078,11212,12413,5820
85337,30748,13241,4435,7645,8970,2904,350456,0,2.32,6.93,2.78,17676,16615,353360,-8806,1325,347552
362897,32032,7633,10844,7633,4792,6941,2309,1,4.20,2.95,11.33,18477,12425,9250,3211,-2841,-4632
145816,96447,7630,8574,7630,1336,1852,875,1,12.64,11.25,1.51,16204,8966,2727,944,-6294,-977
219207,62127,7628,1127,7628,4556,2223,62125,1,8.14,55.13,3.53,8755,12184,64348,-6501,-3072,59902
8257,18333,7617,1982,7617,23708,7879,68804,1,2.41,9.25,0.45,9599,31325,76683,-5635,16091,60925
16991,16671,7616,4365,7616,2959,1463,71419,1,2.19,3.82,1.02,11981,10575,72882,-3251,-4657,69956
840104,239546,7611,15627,7611,2200,1502,211018,1,31.47,15.33,3.51,23238,9811,212520,8016,-5411,209516
289146,19111,8473,4523,7610,2843,1643,80281,0,2.26,4.23,15.13,12996,10453,81924,-3950,-4767,78638
15028,35353,7603,5078,7603,3321,3930,43945,1,4.65,6.96,0.43,12681,10924,47875,-2525,-4282,40015
324132,16596,5380,4435,7602,875,338,43426,0,3.08,3.74,19.53,9815,8477,43764,-945,-6727,43088
448562,66032,7598,25164,7598,36109,12119,660440,1,8.69,2.62,6.79,32762,43707,672559,17566,28511,648321
84442,45198,7589,32112,7589,10511,3274,1697,1,5.96,1.41,1.87,39701,18100,4971,24523,2922,-1577
170726,428867,6918,145437,7586,208108,1672,1120983,0,61.99,2.95,0.40,152355,215694,1122655,138519,200522,1119311
655910,25439,7577,5076,7577,1355,489,264,0,3.36,5.01,25.78,12653,8932,753,-2501,-6222,-225
1663358,104993,7566,18782,7566,14045,10288,4826,0,13.88,5.59,15.84,26348,21611,15114,11216,6479,-5462
699818,26237,7564,22181,7564,2965,926,95623,0,3.47,1.18,26.67,29745,10529,96549,14617,-4599,94697
116245,264778,7554,36051,7554,29509,1856,3803,0,35.05,7.34,0.44,43605,37063,5659,28497,21955,1947
232667,154051,7552,8678,7552,6216,4830,176861,1,20.40,17.75,1.51,16230,13768,181691,1126,-1336,172031
128446,37960,7551,28977,7551,5458,4495,1409,0,5.03,1.31,3.38,36528,13009,5904,21426,-2093,-3086
247937,129474,7550,1918,7550,3003,1585,191615,1,17.15,67.50,1.91,9468,10553,193200,-5632,-4547,190030
439359,48824,7547,32125,7547,4690,6611,697393,1,6.47,1.52,9.00,39672,12237,704004,24578,-2857,690782
16424,51887,7531,14130,7531,10052,5532,9018,1,6.89,3.67,0.32,21661,17583,14550,6599,2521,3486
277382,254407,7530,17709,7530,5291,5143,651645,1,33.79,14.37,1.09,25239,12821,656788,10179,-2239,646502
697687,52861,76029,8131,7521,11312,5012,428556,0,0.70,6.50,13.20,84160,18833,433568,-67898,3791,423544
283185,106443,42696,9514,7520,12934,13680,55536,0,2.49,11.19,2.66,52210,20454,69216,-33182,5414,41856
311745,42931,7517,1853,7517,765,319,66369,1,5.71,23.17,7.26,9370,8282,66688,-5664,-6752,66050
358169,179897,7513,8976,7513,1886,5399,6151,1,23.94,20.04,1.99,16489,9399,11550,1463,-5627,752
90414,29833,7506,2280,7506,1889,1195,1114,0,3.97,13.08,3.03,9786,9395,2309,-5226,-5617,-81
15359,19423,7503,10154,7503,9955,8442,109265,1,2.59,1.91,0.79,17657,17458,117707,2651,2452,100823
69577,21489,7486,5408,7486,5036,2675,23783,1,2.87,3.97,3.24,12894,12522,26458,-2078,-2450,21108
42201,8637,7482,84162,7482,5979,6214,1979,0,1.15,0.10,4.89,91644,13461,8193,76680,-1503,-4235
4874,19659,7478,13484,7478,3767,4295,60801,1,2.63,1.46,0.25,20962,11245,65096,6006,-3711,56506
52141,23967,7469,6449,7469,5151,6020,2891,0,3.21,3.72,2.18,13918,12620,8911,-1020,-2318,-3129
1155051,88352,7465,6994,7465,3817,4030,3912,0,11.84,12.63,13.07,14459,11282,7942,-471,-3648,-118
55732,28783,7435,15038,7435,6158,5354,1739,0,3.87,1.91,1.94,22473,13593,7093,7603,-1277,-3615
1056786,93902,7429,9144,7429,13980,6977,25080,0,12.64,10.27,11.25,16573,21409,32057,1715,6551,18103
15200,26826,7415,28547,7415,18123,9490,67207,1,3.62,0.94,0.57,35962,25538,76697,21132,10708,57717
46766,42849,7402,19775,7402,4214,3087,2263,1,5.79,2.17,1.09,27177,11616,5350,12373,-3188,-824
780051,36808,7402,7027,7402,13820,3130,5308,1,4.97,5.24,21.19,14429,21222,8438,-375,6418,2178
2122145,61475,7402,40571,7402,6842,10905,7015,1,8.31,1.52,34.52,47973,14244,17920,33169,-560,-3890
280600,26333,7398,7422,7398,8418,8784,3810,1,3.56,3.55,10.66,14820,15816,12594,24,1020,-4974
3652,18230,7394,3516,7394,4664,4287,21413,1,2.47,5.18,0.20,10910,12058,25700,-3878,-2730,17126
312455,663688,35360,336759,7390,278045,5394,1472857,0,18.77,1.97,0.47,372119,285435,1478251,301399,270655,1467463
31684,20644,7388,5600,7388,5142,7771,19327,1,2.79,3.69,1.53,12988,12530,27098,-1788,-2246,11556
90641,32380,24631,12207,7375,4794,456,107732,0,1.31,2.65,2.80,36838,12169,108188,-12424,-2581,107276
765614,76416,7373,15466,7373,5228,3944,5901,1,10.36,4.94,10.02,22839,12601,9845,8093,-2145,1957
19037,15137,7369,12355,7369,3762,3241,3126,0,2.05,1.23,1.26,19724,11131,6367,4986,-3607,-115
870302,95898,7358,22895,7358,42244,22366,22339,1,13.03,4.19,9.08,30253,49602,44705,15537,34886,-27
89296,17297,7356,1507,7356,3471,1575,38977,1,2.35,11.48,5.16,8863,10827,40552,-5849,-3885,37402
245213,18641,7352,4358,7352,2159,1216,1064,0,2.54,4.28,13.15,11710,9511,2280,-2994,-5193,-152
348475,25167,8070,17335,7310,14935,7106,355156,0,3.12,1.45,13.85,25405,22245,362262,9265,7625,348050
149499,54240,7309,42355,7309,14471,3419,2269,1,7.42,1.28,2.76,49664,21780,5688,35046,7162,-1150
832377,417906,7291,24695,7291,10599,10619,730647,1,57.32,16.92,1.99,31986,17890,741266,17404,3308,720028
1063827,510178,21217,244642,7283,408074,7847,1565297,0,24.05,2.09,2.09,265859,415357,1573144,223425,400791,1557450
26621,33863,5619,11153,7268,23391,5193,207007,0,6.03,3.04,0.79,16772,30659,212200,5534,16123,201814
165447,39603,7252,47357,7252,9994,2662,2467,0,5.46,0.84,4.18,54609,17246,5129,40105,2742,-195
1034998,43419,7251,15423,7251,9448,10951,4900,0,5.99,2.82,23.84,22674,16699,15851,8172,2197,-6051
177909,27224,7249,2341,7249,1601,1370,577,0,3.76,11.63,6.54,9590,8850,1947,-4908,-5648,-793
236606,28499,7244,3302,7244,5660,3721,705053,1,3.93,8.63,8.30,10546,12904,708774,-3942,-1584,701332
353673,43270,7225,6435,7225,1565,732,614,0,5.99,6.72,8.17,13660,8790,1346,-790,-5660,-118
63544,21607,7216,5970,7216,10177,6639,101769,0,2.99,3.62,2.94,13186,17393,108408,-1246,2961,95130
9599,15831,7212,2874,7212,6950,3702,671944,1,2.20,5.51,0.61,10086,14162,675646,-4338,-262,668242
116495,14008,7196,18522,7196,5822,1227,3561,0,1.95,0.76,8.32,25718,13018,4788,11326,-1374,2334
45471,27778,7193,54234,7193,4816,2154,3914,1,3.86,0.51,1.64,61427,12009,6068,47041,-2377,1760
3064,22687,7191,25747,7191,31289,3205,66908,1,3.15,0.88,0.14,32938,38480,70113,18556,24098,63703
672930,45914,7191,5243,7191,3853,576,45880,0,6.38,8.76,14.66,12434,11044,46456,-1948,-3338,45304
371339,52454,7187,10666,7187,9156,4989,4237,1,7.30,4.92,7.08,17853,16343,9226,3479,1969,-752
714229,129032,106631,5300,7185,89120,1298,475853,0,1.21,24.35,5.54,111931,96305,477151,-101331,81935,474555
43025,47174,7182,9105,7182,9437,5958,129493,0,6.57,5.18,0.91,16287,16619,135451,1923,2255,123535
937320,89210,7179,11858,7179,2988,866,20007,0,12.43,7.52,10.51,19037,10167,20873,4679,-4191,19141
968658,309603,187628,27974,7177,254772,3567,1548471,0,1.65,11.07,3.13,215602,261949,1552038,-159654,247595,1544904
308305,29001,7166,4517,7166,1630,418,61891,1,4.05,6.42,10.63,11683,8796,62309,-2649,-5536,61473
69447,51169,7159,2784,7159,1897,1421,39690,1,7.15,18.38,1.36,9943,9056,41111,-4375,-5262,38269
16826,5034,7158,3260,7158,1902,991,1102,0,0.70,1.54,3.34,10418,9060,2093,-3898,-5256,111
3319,6663,18385,21262,7148,8703,1782,224696,0,0.36,0.31,0.50,39647,15851,226478,2877,1555,222914
152657,40734,7138,10843,7138,4762,5258,3130,0,5.71,3.76,3.75,17981,11900,8388,3705,-2376,-2128
815837,9923,7120,5940,7120,8551,3394,148983,1,1.39,1.67,82.22,13060,15671,152377,-1180,1431,145589
58968,48611,7115,16795,7115,3882,2320,987,0,6.83,2.89,1.21,23910,10997,3307,9680,-3233,-1333
40004,63618,7111,13399,7111,6857,11080,49303,1,8.95,4.75,0.63,20510,13968,60383,6288,-254,38223
582777,1074343,33402,455000,7110,201554,4851,1484424,0,32.16,2.36,0.54,488402,208664,1489275,421598,194444,1479573
1575692,57661,7107,7543,7107,7232,1092,209029,1,8.11,7.64,27.33,14650,14339,210121,436,125,207937
1711980,100011,7107,6274,7107,8150,2164,114421,1,14.07,15.94,17.12,13381,15257,116585,-833,1043,112257
30512,16340,7099,4909,7099,2454,2083,47376,1,2.30,3.33,1.87,12008,9553,49459,-2190,-4645,45293
17249,14853,7068,11196,7068,10185,5989,34731,1,2.10,1.33,1.16,18264,17253,40720,4128,3117,28742
733104,16271,25255,7461,7050,2526,507,95173,0,0.64,2.18,45.06,32716,9576,95680,-17794,-4524,94666
230772,22785,7039,2329,7039,2123,750,52111,1,3.24,9.78,10.13,9368,9162,52861,-4710,-4916,51361
798530,20411,7022,25651,7022,3830,4333,7350,0,2.91,0.80,39.12,32673,10852,11683,18629,-3192,3017
605339,98659,7022,6747,7022,2198,1871,1776,1,14.05,14.62,6.14,13769,9220,3647,-275,-4824,-95
15138,31963,6978,6521,6978,4542,2377,3355,1,4.58,4.90,0.47,13499,11520,5732,-457,-2436,978
150084,37517,6977,20680,6977,6675,3049,3847,1,5.38,1.81,4.00,27657,13652,6896,13703,-302,798
32593,12973,6970,9883,6970,4966,7641,7323,1,1.86,1.31,2.51,16853,11936,14964,2913,-2004,-318
160302,53301,6969,5459,6969,5032,1988,4113,1,7.65,9.76,3.01,12428,12001,6101,-1510,-1937,2125
487763,17713,20030,26985,6966,13755,781,144497,0,0.88,0.66,27.54,47015,20721,145278,6955,6789,143716
627099,110037,6952,26380,6952,11345,6608,939,0,15.83,4.17,5.70,33332,18297,7547,19428,4393,-5669
283905,85306,6935,3862,6935,17662,5970,4971,0,12.30,22.09,3.33,10797,24597,10941,-3073,10727,-999
71377,5471,6933,90633,6933,8187,1997,2375,1,0.79,0.06,13.05,97566,15120,4372,83700,1254,378
67414,27969,6926,8764,6926,8797,4961,685303,1,4.04,3.19,2.41,15690,15723,690264,1838,1871,680342
1674703,25503,17900,32727,6916,6728,3902,232835,0,1.42,0.78,65.67,50627,13644,236737,14827,-188,228933
827258,169559,17160,6359,6904,120411,3729,715657,0,9.88,26.66,4.88,23519,127315,719386,-10801,113507,711928
169906,124183,6903,1606,6903,2707,2991,72391,0,17.99,77.32,1.37,8509,9610,75382,-5297,-4196,69400
33781,10367,6898,15005,6898,10226,2985,1199,0,1.50,0.69,3.26,21903,17124,4184,8107,3328,-1786
723329,57493,20375,2466,6887,3529,2349,31725,0,2.82,23.31,12.58,22841,10416,34074,-17909,-3358,29376
17973,19555,6887,9071,6887,4670,3228,37293,1,2.84,2.16,0.92,15958,11557,40521,2184,-2217,34065
15859,27898,6882,13866,6882,7849,12082,77722,0,4.05,2.01,0.57,20748,14731,89804,6984,967,65640
1199745,41607,6878,4764,6878,2102,1285,20655,0,6.05,8.73,28.84,11642,8980,21940,-2114,-4776,19370
12805,21390,5923,12830,6875,13138,5648,353814,0,3.61,1.67,0.60,18753,20013,359462,6907,6263,348166
136458,54589,6867,2693,6867,1011,597,55273,1,7.95,20.27,2.50,9560,7878,55870,-4174,-5856,54676
9641,17451,6851,9772,6851,8286,1345,681921,1,2.55,1.79,0.55,16623,15137,683266,2921,1435,680576
74063,11228,6847,11529,6847,8301,2609,3709,1,1.64,0.97,6.60,18376,15148,6318,4682,1454,1100
655809,36678,6838,3752,6838,2971,1077,724,1,5.36,9.78,17.88,10590,9809,1801,-3086,-3867,-353
375831,59761,7395,6065,6837,4577,560,117330,0,8.08,9.85,6.29,13460,11414,117890,-1330,-2260,116770
1845438,322396,31095,28148,6835,11087,4627,322830,0,10.37,11.45,5.72,59243,17922,327457,-2947,4252,318203
15731,8050,6825,8948,6825,1895,1709,1049,1,1.18,0.90,1.95,15773,8720,2758,2123,-4930,-660
35687,29104,6802,18892,6802,2177,2104,439,1,4.28,1.54,1.23,25694,8979,2543,12090,-4625,-1665
15404,19195,6800,5977,6800,11010,9182,17939,1,2.82,3.21,0.80,12777,17810,27121,-823,4210,8757
20984,17782,6799,4634,6799,10942,5059,18658,1,2.62,3.84,1.18,11433,17741,23717,-2165,4143,13599
103648,34516,6798,12884,6798,14112,5272,706571,1,5.08,2.68,3.00,19682,20910,711843,6086,7314,701299
61780,16072,6791,38165,6791,3429,4928,2146,1,2.37,0.42,3.84,44956,10220,7074,31374,-3362,-2782
12434,17035,6790,15592,6790,7035,4456,2856,0,2.51,1.09,0.73,22382,13825,7312,8802,245,-1600
292993,81003,6769,7118,6769,6370,3571,1477,1,11.97,11.38,3.62,13887,13139,5048,349,-399,-2094
18770,20702,6767,4483,6767,9011,2023,42154,1,3.06,4.62,0.91,11250,15778,44177,-2284,2244,40131
9174,13687,6766,2751,6766,6287,4432,1644,1,2.02,4.98,0.67,9517,13053,6076,-4015,-479,-2788
119532,101302,6759,14489,6759,12483,1137,31593,1,14.99,6.99,1.18,21248,19242,32730,7730,5724,30456
138614,17662,6757,3785,6757,2651,1058,661,1,2.61,4.67,7.85,10542,9408,1719,-2972,-4106,-397
274909,9357,6751,3822,6751,1292,951,50520,1,1.39,2.45,29.38,10573,8043,51471,-2929,-5459,49569
3675,11300,6746,21184,6746,26030,7177,119811,1,1.68,0.53,0.33,27930,32776,126988,14438,19284,112634
667295,555402,13309,218590,6739,226475,2146,1158406,0,41.73,2.54,1.20,231899,233214,1160552,205281,219736,1156260
1357687,33391,6737,17779,6737,20740,10952,8848,0,4.96,1.88,40.66,24516,27477,19800,11042,14003,-2104
94513,10137,6715,8432,6715,1212,587,595,1,1.51,1.20,9.32,15147,7927,1182,1717,-5503,8
227724,31366,6714,6300,6714,1160,369,65352,1,4.67,4.98,7.26,13014,7874,65721,-414,-5554,64983
31953,28590,6709,34700,6709,5260,674,1045,0,4.26,0.82,1.12,41409,11969,1719,27991,-1449,371
96024,13535,2880,6656,6708,3979,795,27399,0,4.70,2.03,7.09,9536,10687,28194,3776,-2729,26604
143162,12074,6702,6466,6702,2896,367,57265,1,1.80,1.87,11.86,13168,9598,57632,-236,-3806,56898
540973,57131,6696,5595,6696,3306,2994,21700,0,8.53,10.21,9.47,12291,10002,24694,-1101,-3390,18706
53487,33978,6687,30201,6687,10822,3417,1953,0,5.08,1.13,1.57,36888,17509,5370,23514,4135,-1464
77638,15807,21941,4685,6676,15149,13691,166047,0,0.72,3.37,4.91,26626,21825,179738,-17256,8473,152356
1702666,62983,6674,12642,6674,12866,1992,3733,0,9.44,4.98,27.03,19316,19540,5725,5968,6192,1741
1047452,37096,27036,24709,6665,2015,1809,119138,0,1.37,1.50,28.24,51745,8680,120947,-2327,-4650,117329
405667,31750,6663,4220,6663,5883,2730,69831,1,4.77,7.52,12.78,10883,12546,72561,-2443,-780,67101
90393,9181,6657,22913,6657,5747,4718,2393,0,1.38,0.40,9.85,29570,12404,7111,16256,-910,-2325
11101,31733,6650,4307,6650,8135,3132,21152,1,4.77,7.37,0.35,10957,14785,24284,-2343,1485,18020
210279,35304,6646,9872,6646,14806,9979,4973,1,5.31,3.58,5.96,16518,21452,14952,3226,8160,-5006
130447,71157,6644,39293,6644,15840,11601,12146,0,10.71,1.81,1.83,45937,22484,23747,32649,9196,545
629169,152631,6632,60292,6632,16823,3054,461710,0,23.01,2.53,4.12,66924,23455,464764,53660,10191,458656
1047755,41582,6613,3297,6613,2299,1285,9269,0,6.29,12.61,25.20,9910,8912,10554,-3316,-4314,7984
783069,42313,8626,5152,6609,7716,1764,519280,0,4.91,8.21,18.51,13778,14325,521044,-3474,1107,517516
19111,36027,6601,25217,6601,7018,2604,2638,1,5.46,1.43,0.53,31818,13619,5242,18616,417,34
224642,216375,6599,13696,6599,34871,11287,526796,1,32.79,15.80,1.04,20295,41470,538083,7097,28272,515509
4201,55574,6596,7171,6596,1611,1876,60522,1,8.43,7.75,0.08,13767,8207,62398,575,-4985,58646
202705,20551,6585,3738,6585,5681,2858,2966,0,3.12,5.50,9.86,10323,12266,5824,-2847,-904,108
46944,65657,5780,34921,6575,16451,1809,363963,0,11.36,1.88,0.71,40701,23026,365772,29141,9876,362154
15503,20554,6567,1032,6567,4333,5938,11095,1,3.13,19.92,0.75,7599,10900,17033,-5535,-2234,5157
181443,47679,6559,13194,6559,12708,2012,36229,1,7.27,3.61,3.81,19753,19267,38241,6635,6149,34217
77988,5138,6558,2078,6558,648,152,193,1,0.78,2.47,15.18,8636,7206,345,-4480,-5910,41
157999,18179,6511,17520,6511,6618,2692,2596,1,2.79,1.04,8.69,24031,13129,5288,11009,107,-96
386818,124262,6508,17801,6508,7774,3540,194120,1,19.09,6.98,3.11,24309,14282,197660,11293,1266,190580
145163,62425,9239,11796,6493,2747,2225,77079,0,6.76,5.29,2.33,21035,9240,79304,2557,-3746,74854
7838,2615,6489,39040,6489,5078,8165,201921,0,0.40,0.07,3.00,45529,11567,210086,32551,-1411,193756
51521,19432,6487,16942,6487,5928,2298,1868,1,3.00,1.15,2.65,23429,12415,4166,10455,-559,-430
471812,39404,6475,46677,6475,34548,10984,20203,1,6.09,0.84,11.97,53152,41023,31187,40202,28073,9219
180595,37233,6467,10182,6467,21865,8016,7661,0,5.76,3.66,4.85,16649,28332,15677,3715,15398,-355
2075,3713,6458,948,6458,12499,3176,26179,1,0.57,3.92,0.56,7406,18957,29355,-5510,6041,23003
8379,12060,6452,7356,6452,2054,2638,2579,0,1.87,1.64,0.69,13808,8506,5217,904,-4398,-59
142698,104020,6446,13884,6446,6472,3005,3292,0,16.14,7.49,1.37,20330,12918,6297,7438,26,287
239785,17258,13501,7007,6435,4888,9637,59603,0,1.28,2.46,13.89,20508,11323,69240,-6494,-1547,49966
140922,19368,6432,47331,6432,4080,4187,2305,1,3.01,0.41,7.28,53763,10512,6492,40899,-2352,-1882
5796,11804,6422,17962,6422,3414,6105,4349,1,1.84,0.66,0.49,24384,9836,10454,11540,-3008,-1756
687561,243046,54406,7966,6406,137222,2020,935010,0,4.47,30.51,2.83,62372,143628,937030,-46440,130816,932990
252286,49583,63205,5199,6391,4237,2439,241718,0,0.78,9.54,5.09,68404,10628,244157,-58006,-2154,239279
37132,25635,6391,9503,6391,7526,8241,606092,1,4.01,2.70,1.45,15894,13917,614333,3112,1135,597851
32125,14465,6390,6452,6390,4885,2598,1101,1,2.26,2.24,2.22,12842,11275,3699,62,-1505,-1497
731353,15288,6386,9102,6386,20342,15497,580422,1,2.39,1.68,47.84,15488,26728,595919,2716,13956,564925
101179,61005,44757,8144,6383,6635,13078,355589,0,1.36,7.49,1.66,52901,13018,368667,-36613,252,342511
11457,4588,6382,4852,6382,5296,4046,1487,1,0.72,0.95,2.50,11234,11678,5533,-1530,-1086,-2559
152513,324079,22366,12025,6366,107235,3519,707911,0,14.49,26.95,0.47,34391,113601,711430,-10341,100869,704392
95055,2095,6363,4748,6363,2484,2419,1354,0,0.33,0.44,45.37,11111,8847,3773,-1615,-3879,-1065
639292,212470,24707,12115,6354,4261,6758,456555,0,8.60,17.54,3.01,36822,10615,463313,-12592,-2093,449797
8298,23870,6342,11156,6342,9368,4751,2425,0,3.76,2.14,0.35,17498,15710,7176,4814,3026,-2326
210271,29777,26166,3529,6337,19265,6567,334840,0,1.14,8.44,7.06,29695,25602,341407,-22637,12928,328273
47675,9760,6336,12294,6336,11527,3019,99951,0,1.54,0.79,4.88,18630,17863,102970,5958,5191,96932
465226,32635,6323,15598,6323,7772,1632,234356,1,5.16,2.09,14.26,21921,14095,235988,9275,1449,232724
1174868,91035,6946,9236,6312,6599,2227,52524,0,13.11,9.86,12.91,16182,12911,54751,2290,287,50297
11163,14008,6311,2559,6311,10259,5365,28210,1,2.22,5.47,0.80,8870,16570,33575,-3752,3948,22845
1266215,109230,58898,19462,6307,15174,2941,364772,0,1.85,5.61,11.59,78360,21481,367713,-39436,8867,361831
20682,24191,6294,49599,6294,2542,2840,1644,0,3.84,0.49,0.85,55893,8836,4484,43305,-3752,-1196
381440,98052,6293,26787,6293,6878,9352,6057,1,15.58,3.66,3.89,33080,13171,15409,20494,585,-3295
5587,13707,6291,3816,6291,1693,152,769,1,2.18,3.59,0.41,10107,7984,921,-2475,-4598,617
20625,12572,6286,36384,6286,5555,2852,1624,0,2.00,0.35,1.64,42670,11841,4476,30098,-731,-1228
101019,37453,6278,50263,6278,7130,10645,3829,0,5.97,0.75,2.70,56541,13408,14474,43985,852,-6816
272289,83102,65626,8970,6272,70843,1085,376517,0,1.27,9.26,3.28,74596,77115,377602,-56656,64571,375432
1695,28955,6258,2776,6258,14421,8911,113954,1,4.63,10.43,0.06,9034,20679,122865,-3482,8163,105043
8582,3096,6257,11913,6257,4347,3805,2297,1,0.49,0.26,2.77,18170,10604,6102,5656,-1910,-1508
148878,137102,6244,11658,6244,12835,10429,10657,0,21.96,11.76,1.09,17902,19079,21086,5414,6591,228
98791,7081,6241,6328,6241,6116,751,3138,1,1.13,1.12,13.95,12569,12357,3889,87,-125,2387
473311,64063,1887,3894,6239,2574,967,57252,0,33.95,16.45,7.39,5781,8813,58219,2007,-3665,56285
153249,58571,6239,5075,6239,11429,5599,4357,0,9.39,11.54,2.62,11314,17668,9956,-1164,5190,-1242
19908,16833,6235,4345,6235,1407,580,534,0,2.70,3.87,1.18,10580,7642,1114,-1890,-4828,-46
301163,139766,6228,16804,6228,4965,6825,36392,0,22.44,8.32,2.15,23032,11193,43217,10576,-1263,29567
62061,10390,17674,12241,6208,14190,3900,394924,0,0.59,0.85,5.97,29915,20398,398824,-5433,7982,391024
1556522,278722,24907,13070,6207,113979,3146,990615,0,11.19,21.33,5.58,37977,120186,993761,-11837,107772,987469
88350,65748,3832,11124,6205,4571,1528,69020,0,17.16,5.91,1.34,14956,10776,70548,7292,-1634,67492
499570,140255,1619,10104,6202,15570,712,150355,0,86.63,13.88,3.56,11723,21772,151067,8485,9368,149643
1076132,258604,103177,11046,6202,44107,6318,369330,0,2.51,23.41,4.16,114223,50309,375648,-92131,37905,363012
1029099,249864,6176,15749,6176,13126,13311,121147,0,40.46,15.87,4.12,21925,19302,134458,9573,6950,107836
16244,4809,6174,34982,6174,8390,1763,2665,1,0.78,0.14,3.38,41156,14564,4428,28808,2216,902
231729,290369,33868,3067,6174,3131,3370,233134,0,8.57,94.68,0.80,36935,9305,236504,-30801,-3043,229764
381055,51332,6171,5677,6171,11019,18825,42420,0,8.32,9.04,7.42,11848,17190,61245,-494,4848,23595
482596,139570,6163,13614,6163,5603,4300,249427,1,22.65,10.25,3.46,19777,11766,253727,7451,-560,245127
783311,168088,6144,15428,6144,7261,874,218521,1,27.36,10.89,4.66,21572,13405,219395,9284,1117,217647
50442,13506,6136,30594,6136,3783,4584,1058,1,2.20,0.44,3.73,36730,9919,5642,24458,-2353,-3526
8715,42084,6132,5347,6132,9342,6173,160946,1,6.86,7.87,0.21,11479,15474,167119,-785,3210,154773
78821,26972,6127,4850,6127,724,993,39134,0,4.40,5.56,2.92,10977,6851,40127,-1277,-5403,38141
125283,20140,1395,5767,6110,2090,1096,104171,0,14.44,3.49,6.22,7162,8200,105267,4372,-4020,103075
27402,22172,6105,12417,6105,5729,6250,2716,0,3.63,1.79,1.24,18522,11834,8966,6312,-376,-3534
328227,44507,6102,8480,6102,7689,6637,5118,1,7.29,5.25,7.37,14582,13791,11755,2378,1587,-1519
546966,65548,6098,7190,6098,1029,438,61614,1,10.75,9.12,8.34,13288,7127,62052,1092,-5069,61176
564149,44409,6097,2839,6097,3283,3183,2810,0,7.28,15.64,12.70,8936,9380,5993,-3258,-2814,-373
132206,22445,6093,11888,6093,6335,6815,5822,1,3.68,1.89,5.89,17981,12428,12637,5795,242,-993
30261,41883,6078,12644,6078,7012,3376,87035,1,6.89,3.31,0.72,18722,13090,90411,6566,934,83659
1661556,37435,6072,26434,6072,10617,4250,565231,1,6.17,1.42,44.39,32506,16689,569481,20362,4545,560981
5746,21099,6072,6047,6072,16819,2061,67104,1,3.47,3.49,0.27,12119,22891,69165,-25,10747,65043
474847,18023,6070,33168,6070,2991,2146,31967,1,2.97,0.54,26.35,39238,9061,34113,27098,-3079,29821
1086802,177501,6070,99101,6070,213919,41305,27105,0,29.24,1.79,6.12,105171,219989,68410,93031,207849,-14200
26294,30630,6056,9430,6056,2548,2141,63828,1,5.06,3.25,0.86,15486,8604,65969,3374,-3508,61687
1261492,209320,150077,28020,6052,237887,2451,1059802,0,1.39,7.47,6.03,178097,243939,1062253,-122057,231835,1057351
99533,351340,9050,2237,6044,142928,1847,860099,0,38.82,157.06,0.28,11287,148972,861946,-6813,136884,858252
8756,5064,6042,7097,6042,2232,2077,48634,1,0.84,0.71,1.73,13139,8274,50711,1055,-3810,46557
224799,13405,6599,4790,6039,6385,555,102845,0,2.03,2.80,16.77,11389,12424,103400,-1809,346,102290
221015,28808,6035,6292,6035,5150,1782,23277,0,4.77,4.58,7.67,12327,11185,25059,257,-885,21495
8910,11402,6030,20886,6030,6360,2900,1461,1,1.89,0.55,0.78,26916,12390,4361,14856,330,-1439
59560,6178,6030,9591,6030,2246,639,300,1,1.02,0.64,9.64,15621,8276,939,3561,-3784,-339
100638,42350,35002,7139,6018,26363,16483,315707,0,1.21,5.93,2.38,42141,32381,332190,-27863,20345,299224
1750292,151504,45163,81539,6011,14274,20529,30981,0,3.35,1.86,11.55,126702,20285,51510,36376,8263,10452
17585,26548,6008,12329,6008,8172,15452,21666,1,4.42,2.15,0.66,18337,14180,37118,6321,2164,6214
444903,69104,33135,22417,5999,10188,10164,511966,0,2.09,3.08,6.44,55552,16187,522130,-10718,4189,501802
244785,115146,5999,10956,5999,18772,4733,91175,0,19.19,10.51,2.13,16955,24771,95908,4957,12773,86442
273548,34154,12962,2543,5986,4637,2125,110591,0,2.63,13.43,8.01,15505,10623,112716,-10419,-1349,108466
9584,13169,8359,22739,5986,1960,2926,354089,0,1.58,0.58,0.73,31098,7946,357015,14380,-4026,351163
237866,57268,21165,8385,5978,40898,685,324157,0,2.71,6.83,4.15,29550,46876,324842,-12780,34920,323472
110352,27569,5955,10602,5955,4699,3567,1931,1,4.63,2.60,4.00,16557,10654,5498,4647,-1256,-1636
36231,14843,5948,10094,5948,13825,5453,99044,0,2.50,1.47,2.44,16042,19773,104497,4146,7877,93591
151753,554885,2407,361286,5944,150522,2060,1083558,0,230.53,1.54,0.27,363693,156466,1085618,358879,144578,1081498
44999,12234,5930,5524,5930,16334,5478,22160,1,2.06,2.21,3.68,11454,22264,27638,-406,10404,16682
228293,33375,5930,9756,5930,3998,14952,647475,1,5.63,3.42,6.84,15686,9928,662427,3826,-1932,632523
6045,3731,5929,40885,5929,18338,10895,76074,1,0.63,0.09,1.62,46814,24267,86969,34956,12409,65179
2071617,159185,38228,14591,5927,11360,4349,389770,0,4.16,10.91,13.01,52819,17287,394119,-23637,5433,385421
140880,6547,5920,3708,5920,9970,1903,3518,0,1.11,1.77,21.52,9628,15890,5421,-2212,4050,1615
12220,15437,5908,12790,5908,24336,8529,15368,1,2.61,1.21,0.79,18698,30244,23897,6882,18428,6839
325620,1550512,40832,508297,5906,202623,3485,1325118,0,37.97,3.05,0.21,549129,208529,1328603,467465,196717,1321633
324123,99439,136669,12351,5896,47605,1476,741190,0,0.73,8.05,3.26,149020,53501,742666,-124318,41709,739714
300752,32929,5893,17014,5893,6613,2739,438,0,5.59,1.94,9.13,22907,12506,3177,11121,720,-2301
16472,21752,5855,16714,5855,14015,7876,39171,1,3.72,1.30,0.76,22569,19870,47047,10859,8160,31295
652411,403799,40285,21985,5823,95261,5165,804981,0,10.02,18.37,1.62,62270,101084,810146,-18300,89438,799816
196007,61966,5818,8284,5818,10971,2406,640279,1,10.65,7.48,3.16,14102,16789,642685,2466,5153,637873
49387,11053,5784,3913,5784,3821,4338,4078,0,1.91,2.82,4.47,9697,9605,8416,-1871,-1963,-260
166790,92435,5778,5153,5778,15830,3482,136694,0,16.00,17.94,1.80,10931,21608,140176,-625,10052,133212
594295,185199,46184,4192,5775,88777,1293,733120,0,4.01,44.18,3.21,50376,94552,734413,-41992,83002,731827
108771,14202,9698,6461,5765,3034,1082,131586,0,1.46,2.20,7.66,16159,8799,132668,-3237,-2731,130504
110372,50122,5763,1423,5763,883,409,56245,1,8.70,35.22,2.20,7186,6646,56654,-4340,-4880,55836
422422,75627,33853,8728,5749,71233,2168,879965,0,2.23,8.66,5.59,42581,76982,882133,-25125,65484,877797
368783,215285,5736,19883,5736,5691,1264,218022,1,37.53,10.83,1.71,25619,11427,219286,14147,-45,216758
16358,23144,5734,31975,5734,16901,8306,134514,0,4.04,0.72,0.71,37709,22635,142820,26241,11167,126208
242512,209099,5732,16729,5732,4465,1731,3196,1,36.48,12.50,1.16,22461,10197,4927,10997,-1267,1465
455245,55938,5729,4545,5729,1770,469,49677,1,9.76,12.31,8.14,10274,7499,50146,-1184,-3959,49208
240538,54086,5725,3520,5725,4953,3863,609777,1,9.45,15.37,4.45,9245,10678,613640,-2205,-772,605914
81870,12129,5724,2342,5724,1689,983,30915,1,2.12,5.18,6.75,8066,7413,31898,-3382,-4035,29932
106100,56657,5695,4763,5695,1826,2558,127599,0,9.95,11.90,1.87,10458,7521,130157,-932,-3869,125041
617175,50566,5685,29382,5685,16078,11270,79792,0,8.89,1.72,12.21,35067,21763,91062,23697,10393,68522
130092,83286,5683,9005,5683,7068,11340,629162,1,14.66,9.25,1.56,14688,12751,640502,3322,1385,617822
10392,19489,5665,17349,5665,15728,10118,120892,0,3.44,1.12,0.53,23014,21393,131010,11684,10063,110774
77673,47147,5665,10527,5665,2625,1499,6622,0,8.32,4.48,1.65,16192,8290,8121,4862,-3040,5123
10048,7170,5643,17607,5643,5791,3897,1568,0,1.27,0.41,1.40,23250,11434,5465,11964,148,-2329
133717,80195,5641,19654,5641,2071,6973,5967,1,14.22,4.08,1.67,25295,7712,12940,14013,-3570,-1006
1050410,39239,9202,11769,5639,2642,823,114422,0,4.26,3.33,26.77,20971,8281,115245,2567,-2997,113599
213143,17401,5637,2770,5637,1110,644,328,0,3.09,6.28,12.25,8407,6747,972,-2867,-4527,-316
977659,37771,5636,11296,5636,5663,4680,268653,1,6.70,3.34,25.88,16932,11299,273333,5660,27,263973
351861,102722,5631,17346,5631,2865,1782,1625,1,18.24,5.92,3.43,22977,8496,3407,11715,-2766,-157
15206,17265,5623,11349,5623,10789,6353,15652,1,3.07,1.52,0.88,16972,16412,22005,5726,5166,9299
24101,40623,5617,5692,5617,10960,11049,19245,1,7.23,7.14,0.59,11309,16577,30294,75,5343,8196
97996,20206,5616,3196,5616,982,472,48769,1,3.60,6.32,4.85,8812,6598,49241,-2420,-4634,48297
73734,4931,5608,1574,5608,701,190,41627,1,0.88,3.13,14.95,7182,6309,41817,-4034,-4907,41437
18277,6888,5596,27176,5596,8011,751,2567,1,1.23,0.25,2.65,32772,13607,3318,21580,2415,1816
118641,55948,50832,21386,5588,31002,15290,191242,0,1.10,2.62,2.12,72218,36590,206532,-29446,25414,175952
100834,41487,35390,30560,5588,13048,4965,86931,0,1.17,1.36,2.43,65950,18636,91896,-4830,7460,81966
164757,93582,20428,2411,5563,10449,1149,154865,0,4.58,38.81,1.76,22839,16012,156014,-18017,4886,153716
28234,12793,5559,7067,5559,3696,1417,1184,1,2.30,1.81,2.21,12626,9255,2601,1508,-1863,-233
1536790,13820,5554,7051,5554,2964,1329,145459,1,2.49,1.96,111.20,12605,8518,146788,1497,-2590,144130
7478,15894,32064,10047,5541,11014,3426,315471,0,0.50,1.58,0.47,42111,16555,318897,-22017,5473,312045
876302,139713,41774,35902,5533,20415,3831,228483,0,3.34,3.89,6.27,77676,25948,232314,-5872,14882,224652
166506,224503,5530,3228,5530,11654,3021,8993,1,40.60,69.55,0.74,8758,17184,12014,-2302,6124,5972
113615,23132,5527,6637,5527,4273,4780,1214,0,4.19,3.49,4.91,12164,9800,5994,1110,-1254,-3566
576154,29514,35122,6641,5518,10086,1719,9658,0,0.84,4.44,19.52,41763,15604,11377,-28481,4568,7939
37079,13025,10594,9126,5504,4906,3915,328114,0,1.23,1.43,2.85,19720,10410,332029,-1468,-598,324199
289832,19675,5501,2203,5501,1916,412,64387,1,3.58,8.93,14.73,7704,7417,64799,-3298,-3585,63975
138229,41423,5492,4891,5492,3671,4251,5788,1,7.54,8.47,3.34,10383,9163,10039,-601,-1821,1537
122034,25409,5460,12712,5491,7347,815,114691,0,4.65,2.00,4.80,18172,12838,115506,7252,1856,113876
76468,14106,5487,9361,5487,6940,5039,693220,1,2.57,1.51,5.42,14848,12427,698259,3874,1453,688181
1262845,28883,5486,14203,5486,7048,3012,138556,1,5.26,2.03,43.72,19689,12534,141568,8717,1562,135544
321116,77089,5481,21435,5481,13999,6697,4424,0,14.06,3.60,4.17,26916,19480,11121,15954,8518,-2273
250254,15144,5476,4622,5476,3325,1126,40926,1,2.77,3.28,16.52,10098,8801,42052,-854,-2151,39800
70010,32496,5467,16019,5467,2630,2216,90277,0,5.94,2.03,2.15,21486,8097,92493,10552,-2837,88061
157655,86671,5452,5733,5452,6942,4649,3433,0,15.90,15.12,1.82,11185,12394,8082,281,1490,-1216
789534,85364,12309,21245,5448,19650,6733,122211,0,6.94,4.02,9.25,33554,25098,128944,8936,14202,115478
43837,36956,5442,15229,5442,7974,8858,126486,1,6.79,2.43,1.19,20671,13416,135344,9787,2532,117628
239138,93375,5425,8024,5425,2583,674,639,0,17.21,11.64,2.56,13449,8008,1313,2599,-2842,-35
608478,240911,5419,63333,5419,14820,22989,825894,1,44.46,3.80,2.53,68752,20239,848883,57914,9401,802905
126992,116492,5398,5600,5398,6792,1310,32153,0,21.58,20.80,1.09,10998,12190,33463,202,1394,30843
292530,124155,91718,10875,5395,17339,21161,382152,0,1.35,11.42,2.36,102593,22734,403313,-80843,11944,360991
229738,70976,5393,2863,5393,4088,4887,153832,0,13.16,24.79,3.24,8256,9481,158719,-2530,-1305,148945
426969,219065,95335,32935,5380,55332,2695,534886,0,2.30,6.65,1.95,128270,60712,537581,-62400,49952,532191
2237964,50772,22648,13743,5378,7541,4648,31682,0,2.24,3.69,44.08,36391,12919,36330,-8905,2163,27034
260002,8228,5375,5661,5375,2722,1380,28870,1,1.53,1.45,31.60,11036,8097,30250,286,-2653,27490
67132,18839,5373,4868,5373,9003,5324,626762,1,3.51,3.87,3.56,10241,14376,632086,-505,3630,621438
108185,131678,31938,3515,5370,3944,3744,28993,0,4.12,37.46,0.82,35453,9314,32737,-28423,-1426,25249
196267,42275,22628,17934,5357,3042,2377,79279,0,1.87,2.36,4.64,40562,8399,81656,-4694,-2315,76902
7918,15061,5357,5063,5357,10778,6081,106167,1,2.81,2.97,0.53,10420,16135,112248,-294,5421,100086
17636,13612,5355,6680,5355,3201,5447,35785,1,2.54,2.04,1.30,12035,8556,41232,1325,-2154,30338
101196,9074,5352,4777,5352,4665,3433,22065,0,1.70,1.90,11.15,10129,10017,25498,-575,-687,18632
127064,33854,5345,11778,5345,391,688,38192,0,6.33,2.87,3.75,17123,5736,38880,6433,-4954,37504
19312,22514,5341,3977,5341,13366,5042,21171,1,4.22,5.66,0.86,9318,18707,26213,-1364,8025,16129
1647485,424450,5329,85607,5329,36385,17786,2521,1,79.65,4.96,3.88,90936,41714,20307,80278,31056,-15265
237004,97497,5324,29151,5324,4093,2887,3420,0,18.31,3.34,2.43,34475,9417,6307,23827,-1231,533
453638,61289,5323,3313,5323,2774,1775,1610,0,11.51,18.50,7.40,8636,8097,3385,-2010,-2549,-165
44500,54711,5306,27484,5306,10703,6944,93327,0,10.31,1.99,0.81,32790,16009,100271,22178,5397,86383
1571338,158578,5305,42613,5305,28491,6151,6104,0,29.89,3.72,9.91,47918,33796,12255,37308,23186,-47
1417835,882263,26444,286796,5304,227496,1987,1229208,0,33.36,3.08,1.61,313240,232800,1231195,260352,222192,1227221
75033,9711,5304,1739,5304,12422,6596,16821,1,1.83,5.58,7.73,7043,17726,23417,-3565,7118,10225
668491,315600,134613,17088,5301,97777,2005,760534,0,2.34,18.47,2.12,151701,103078,762539,-117525,92476,758529
254922,57089,5298,6116,5298,1958,731,58792,1,10.78,9.33,4.47,11414,7256,59523,818,-3340,58061
52597,45576,5298,4274,5298,9237,5133,617590,1,8.60,10.66,1.15,9572,14535,622723,-1024,3939,612457
1037851,74089,4267,17965,5296,2285,2808,199013,0,17.36,4.12,14.01,22232,7581,201821,13698,-3011,196205
37030,10650,5284,2777,5284,6779,3488,3310,1,2.02,3.84,3.48,8061,12063,6798,-2507,1495,-178
409046,88662,5277,28100,5277,11567,4080,3206,0,16.80,3.16,4.61,33377,16844,7286,22823,6290,-874
32105,95338,5269,34840,5269,6175,3436,2431,1,18.09,2.74,0.34,40109,11444,5867,29571,906,-1005
133001,17159,5261,5381,5261,4454,1128,50506,1,3.26,3.19,7.75,10642,9715,51634,120,-807,49378
172456,13110,5254,2093,5254,1452,1432,512,0,2.50,6.26,13.15,7347,6706,1944,-3161,-3802,-920
28192,20446,5253,7106,5253,7187,2217,1569,1,3.89,2.88,1.38,12359,12440,3786,1853,1934,-648
207633,29747,5693,7451,5242,22344,310,207291,0,5.23,3.99,6.98,13144,27586,207601,1758,17102,206981
135147,34308,5234,2107,5234,2653,1053,54034,1,6.55,16.28,3.94,7341,7887,55087,-3127,-2581,52981
625130,17072,5232,7192,5232,5183,1393,104850,0,3.26,2.37,36.62,12424,10415,106243,1960,-49,103457
34918,26698,5210,2628,5210,5974,11708,1253,1,5.12,10.16,1.31,7838,11184,12961,-2582,764,-10455
652892,36729,5206,3128,5206,5292,5059,7697,0,7.06,11.74,17.78,8334,10498,12756,-2078,86,2638
22833,44646,5204,22474,5204,14848,3340,14645,1,8.58,1.99,0.51,27678,20052,17985,17270,9644,11305
901890,43852,7734,16339,5203,5509,799,114950,0,5.67,2.68,20.57,24073,10712,115749,8605,306,114151
167443,16118,8391,15878,5201,4657,457,146841,0,1.92,1.02,10.39,24269,9858,147298,7487,-544,146384
771451,180583,5184,3005,5184,10724,18328,602712,1,34.83,60.09,4.27,8189,15908,621040,-2179,5540,584384
714664,231217,25161,24036,5181,21338,11221,87914,0,9.19,9.62,3.09,49197,26519,99135,-1125,16157,76693
317636,116530,5179,12621,5179,8299,3768,163068,1,22.50,9.23,2.73,17800,13478,166836,7442,3120,159300
40755,10506,5176,17129,5176,24284,8453,35820,1,2.03,0.61,3.88,22305,29460,44273,11953,19108,27367
1879225,169062,5175,11173,5175,5861,2764,45215,0,32.67,15.13,11.12,16348,11036,47979,5998,686,42451
195616,99512,5171,10164,5171,1580,1463,74560,0,19.24,9.79,1.97,15335,6751,76023,4993,-3591,73097
298292,42305,5168,7957,5168,6288,10676,743420,1,8.19,5.32,7.05,13125,11456,754096,2789,1120,732744
163534,23816,5167,6702,5167,6073,2302,1728,0,4.61,3.55,6.87,11869,11240,4030,1535,906,-574
292525,43802,5167,8207,5167,1780,937,1018,1,8.48,5.34,6.68,13374,6947,1955,3040,-3387,81
1848126,20833,5159,6926,5159,2231,1397,1172,0,4.04,3.01,88.71,12085,7390,2569,1767,-2928,-225
268189,41869,5159,12301,5159,8001,3438,621857,1,8.12,3.40,6.41,17460,13160,625295,7142,2842,618419
27373,21222,5157,18083,5157,11515,3509,2549,0,4.12,1.17,1.29,23240,16672,6058,12926,6358,-960
256247,11080,5147,6944,5147,5452,3429,13819,0,2.15,1.60,23.13,12091,10599,17248,1797,305,10390
702043,296729,5145,65360,5145,15854,6575,372557,0,57.67,4.54,2.37,70505,20999,379132,60215,10709,365982
39449,41183,5143,12963,5143,19746,13748,115772,0,8.01,3.18,0.96,18106,24889,129520,7820,14603,102024
401077,22220,5141,14258,5141,7035,4531,181382,0,4.32,1.56,18.05,19399,12176,185913,9117,1894,176851
63770,3864,5136,4152,5136,790,1371,1262,1,0.75,0.93,16.50,9288,5926,2633,-984,-4346,-109
35419,33581,5127,4289,5127,1972,4709,3197,1,6.55,7.83,1.05,9416,7099,7906,-838,-3155,-1512
135655,14540,5127,3371,5127,4688,1156,10025,1,2.84,4.31,9.33,8498,9815,11181,-1756,-439,8869
14312,29792,5126,933,5126,12689,3647,674126,1,5.81,31.93,0.48,6059,17815,677773,-4193,7563,670479
2093334,451417,125735,20401,5123,180490,3555,868532,0,3.59,22.13,4.64,146136,185613,872087,-105334,175367,864977
399962,11205,5123,4112,5123,719,280,61893,1,2.19,2.72,35.69,9235,5842,62173,-1011,-4404,61613
22384,10696,25483,6783,5110,4096,3949,336153,0,0.42,1.58,2.09,32266,9206,340102,-18700,-1014,332204
859631,36364,5109,4930,5109,5535,5600,2841,0,7.12,7.38,23.64,10039,10644,8441,-179,426,-2759
263410,96850,5107,8392,5107,18673,5648,64021,0,18.96,11.54,2.72,13499,23780,69669,3285,13566,58373
465239,125721,5097,17704,5097,2561,943,76226,1,24.67,7.10,3.70,22801,7658,77169,12607,-2536,75283
24589,14457,5079,98056,5079,2849,1834,2566,1,2.85,0.15,1.70,103135,7928,4400,92977,-2230,732
180631,95096,6337,6711,5078,4686,607,108174,0,15.01,14.17,1.90,13048,9764,108781,374,-392,107567
311952,521831,8366,245845,5071,237776,2633,1069091,0,62.38,2.12,0.60,254211,242847,1071724,237479,232705,1066458
98912,14047,5065,22374,5065,5579,3123,1608,1,2.77,0.63,7.04,27439,10644,4731,17309,514,-1515
529247,42571,15514,7888,5058,2566,1308,66351,0,2.74,5.40,12.43,23402,7624,67659,-7626,-2492,65043
1165541,74351,5058,5994,5058,6214,2331,180270,1,14.70,12.40,15.68,11052,11272,182601,936,1156,177939
486821,120568,109508,8940,5053,67364,3091,828198,0,1.10,13.49,4.04,118448,72417,831289,-100568,62311,825107
8062,31017,5049,2842,5049,3001,3342,39665,1,6.14,10.91,0.26,7891,8050,43007,-2207,-2048,36323
7513,20178,5045,1584,5045,4637,8311,63310,1,4.00,12.74,0.37,6629,9682,71621,-3461,-408,54999
93589,45802,5044,8122,5044,7650,2550,648582,1,9.08,5.64,2.04,13166,12694,651132,3078,2606,646032
229744,19552,5024,1029,5024,843,433,381,0,3.89,19.00,11.75,6053,5867,814,-3995,-4181,-52
278745,324834,58332,11308,5022,74178,3298,494174,0,5.57,28.73,0.86,69640,79200,497472,-47024,69156,490876
952140,73484,4996,12686,4996,7133,9347,5372,1,14.71,5.79,12.96,17682,12129,14719,7690,2137,-3975
81243,17006,4983,11361,4983,7076,9118,681826,1,3.41,1.50,4.78,16344,12059,690944,6378,2093,672708
14358,11455,4962,24927,4962,8923,2722,2137,0,2.31,0.46,1.25,29889,13885,4859,19965,3961,-585
447721,182526,4962,12378,4962,9585,2751,2992,0,36.78,14.75,2.45,17340,14547,5743,7416,4623,241
103521,2211,4948,5550,4948,3443,966,31971,0,0.45,0.40,46.82,10498,8391,32937,602,-1505,31005
79356,34749,12214,6848,4947,9225,3246,124429,0,2.85,5.07,2.28,19062,14172,127675,-5366,4278,121183
497487,278780,106022,35049,4931,171711,4469,818047,0,2.63,7.95,1.78,141071,176642,822516,-70973,166780,813578
39606,28129,4920,6519,4920,3166,7177,2555,1,5.72,4.31,1.41,11439,8086,9732,1599,-1754,-4622
314290,38283,4914,5424,4914,2498,1707,510,0,7.79,7.06,8.21,10338,7412,2217,510,-2416,-1197
82432,17032,4900,8466,4900,1475,1278,55012,1,3.48,2.01,4.84,13366,6375,56290,3566,-3425,53734
14310,23705,4898,14056,4898,11200,6321,5168,1,4.84,1.69,0.60,18954,16098,11489,9158,6302,-1153
6802,6500,4896,12241,4896,16891,3614,20453,1,1.33,0.53,1.05,17137,21787,24067,7345,11995,16839
62220,15006,4860,2831,4860,2834,2234,1674,1,3.09,5.30,4.15,7691,7694,3908,-2029,-2026,-560
198797,60836,4857,23717,4857,7948,12210,652542,1,12.53,2.57,3.27,28574,12805,664752,18860,3091,640332
383087,28943,4855,2695,4855,2592,929,897,0,5.96,10.74,13.24,7550,7447,1826,-2160,-2263,-32
675706,522115,20566,338876,4847,177440,1339,1004467,0,25.39,1.54,1.29,359442,182287,1005806,318310,172593,1003128
244032,34983,4841,7847,4841,3921,1909,83895,0,7.23,4.46,6.98,12688,8762,85804,3006,-920,81986
167869,73035,4838,6508,4838,1709,2668,177302,1,15.10,11.22,2.30,11346,6547,179970,1670,-3129,174634
110494,18975,4838,5467,4838,2731,1497,155605,1,3.92,3.47,5.82,10305,7569,157102,629,-2107,154108
103138,21490,4828,10355,4828,5769,1732,247910,1,4.45,2.08,4.80,15183,10597,249642,5527,941,246178
11553,16694,4827,12404,4827,22737,16713,601373,1,3.46,1.35,0.69,17231,27564,618086,7577,17910,584660
100835,17701,4821,2271,4821,5046,1970,19867,0,3.67,7.79,5.70,7092,9867,21837,-2550,225,17897
36117,24622,11340,7546,4808,27181,20702,138085,0,2.17,3.26,1.47,18886,31989,158787,-3794,22373,117383
127773,30694,4800,9098,4800,11833,5034,803856,1,6.39,3.37,4.16,13898,16633,808890,4298,7033,798822
213576,9811,4787,14775,4787,1788,1237,1177,1,2.05,0.66,21.77,19562,6575,2414,9988,-2999,-60
166073,32488,4781,5699,4781,7391,8304,4564,1,6.80,5.70,5.11,10480,12172,12868,918,2610,-3740
841772,35611,4779,9143,4779,9222,4081,6019,0,7.45,3.89,23.64,13922,14001,10100,4364,4443,1938
21704,21600,4777,21346,4777,8717,8592,32451,0,4.52,1.01,1.00,26123,13494,41043,16569,3940,23859
146491,56441,4762,9976,4762,4168,3879,2010,0,11.85,5.66,2.60,14738,8930,5889,5214,-594,-1869
274079,51028,4751,6827,4751,1251,297,58209,1,10.74,7.47,5.37,11578,6002,58506,2076,-3500,57912
130193,73656,4747,4507,4747,12643,7353,12951,1,15.52,16.34,1.77,9254,17390,20304,-240,7896,5598
1954,4255,9852,5222,4741,6577,6132,318198,0,0.43,0.81,0.46,15074,11318,324330,-4630,1836,312066
168724,67420,4730,5372,4730,5382,3015,184101,0,14.25,12.55,2.50,10102,10112,187116,642,652,181086
163188,9826,4729,2086,4729,837,594,234,0,2.08,4.71,16.61,6815,5566,828,-2643,-3892,-360
467027,24554,12140,13704,4720,4719,1235,116368,0,2.02,1.79,19.02,25844,9439,117603,1564,-1,115133
515316,10648,2819,9841,4709,1334,5489,45448,0,3.78,1.08,48.40,12660,6043,50937,7022,-3375,39959
93725,16741,4705,25400,4705,4152,1804,4743,1,3.56,0.66,5.60,30105,8857,6547,20695,-553,2939
285232,88227,4705,8562,4705,3415,3063,178823,1,18.75,10.30,3.23,13267,8120,181886,3857,-1290,175760
1121124,101888,4699,24428,4699,7139,5900,2386,0,21.68,4.17,11.00,29127,11838,8286,19729,2440,-3514
240667,51057,4699,1990,4699,1193,756,702,1,10.87,25.66,4.71,6689,5892,1458,-2709,-3506,-54
106570,61320,4697,17944,4697,3244,3906,4644,1,13.06,3.42,1.74,22641,7941,8550,13247,-1453,738
38988,17661,4694,21165,4694,4202,4637,49187,1,3.76,0.83,2.21,25859,8896,53824,16471,-492,44550
389890,21811,758,5615,4693,3255,384,74786,0,28.77,3.88,17.88,6373,7948,75170,4857,-1438,74402
18028,19762,4692,11101,4692,6065,4503,13976,1,4.21,1.78,0.91,15793,10757,18479,6409,1373,9473
92361,24532,4689,14877,4689,6962,4548,3800,1,5.23,1.65,3.76,19566,11651,8348,10188,2273,-748
162608,9979,4682,2077,4682,1373,1630,747,0,2.13,4.80,16.30,6759,6055,2377,-2605,-3309,-883
39085,9511,4682,7027,4682,5195,1149,1684,1,2.03,1.35,4.11,11709,9877,2833,2345,513,535
613137,75354,4674,11039,4674,16472,8135,6243,1,16.12,6.83,8.14,15713,21146,14378,6365,11798,-1892
17997,1784,35263,9760,4671,4573,2277,411827,0,0.05,0.18,10.09,45023,9244,414104,-25503,-98,409550
175869,32531,4668,18414,4668,9232,3770,706856,1,6.97,1.77,5.41,23082,13900,710626,13746,4564,703086
726349,8551,4665,4479,4665,2343,2019,2242,1,1.83,1.91,84.94,9144,7008,4261,-186,-2322,223
181098,12589,4649,2167,4649,1615,1977,789,0,2.71,5.81,14.39,6816,6264,2766,-2482,-3034,-1188
11200,12662,4647,26228,4647,7320,4559,1973,1,2.72,0.48,0.88,30875,11967,6532,21581,2673,-2586
1152854,70753,4641,8197,4641,3887,5346,1317,0,15.25,8.63,16.29,12838,8528,6663,3556,-754,-4029
47266,37183,4634,3417,4634,2909,4204,71531,1,8.02,10.88,1.27,8051,7543,75735,-1217,-1725,67327
115126,33497,4630,13950,4630,5471,3810,3478,0,7.23,2.40,3.44,18580,10101,7288,9320,841,-332
104241,12716,4617,7108,4617,2278,1126,715,1,2.75,1.79,8.20,11725,6895,1841,2491,-2339,-411
112949,12509,4616,10644,4616,5596,3944,3210,1,2.71,1.18,9.03,15260,10212,7154,6028,980,-734
37611,22541,4605,26458,4605,5246,7818,1812,0,4.89,0.85,1.67,31063,9851,9630,21853,641,-6006
8803,62851,4567,7022,4567,17164,8437,95913,0,13.76,8.95,0.14,11589,21731,104350,2455,12597,87476
7988,15828,4557,18721,4557,7987,6021,9312,1,3.47,0.85,0.50,23278,12544,15333,14164,3430,3291
919941,80178,29778,7565,4553,23312,1005,321034,0,2.69,10.60,11.47,37343,27865,322039,-22213,18759,320029
472514,49658,4544,14506,4544,6324,6238,657567,1,10.93,3.42,9.52,19050,10868,663805,9962,1780,651329
108122,106628,4543,36116,4543,25437,8146,11986,0,23.47,2.95,1.01,40659,29980,20132,31573,20894,3840
302497,28669,4524,7600,4524,2462,1396,53604,1,6.34,3.77,10.55,12124,6986,55000,3076,-2062,52208
506297,21572,4523,4085,4523,3065,1928,940,0,4.77,5.28,23.47,8608,7588,2868,-438,-1458,-988
127359,18834,4521,26143,4521,5057,2159,1280,1,4.17,0.72,6.76,30664,9578,3439,21622,536,-879
159205,24444,4516,12075,4516,7739,2854,1238,1,5.41,2.02,6.51,16591,12255,4092,7559,3223,-1616
668658,185544,3647,31328,4510,38555,4207,268379,0,50.88,5.92,3.60,34975,43065,272586,27681,34045,264172
98581,39921,29497,8982,4502,5302,1367,98228,0,1.35,4.44,2.47,38479,9804,99595,-20515,800,96861
471616,10276,4502,4060,4502,1347,451,59702,1,2.28,2.53,45.89,8562,5849,60153,-442,-3155,59251
204367,21757,4494,80251,4494,9149,8107,3964,0,4.84,0.27,9.39,84745,13643,12071,75757,4655,-4143
834456,85483,4489,29191,4489,10071,9251,3977,1,19.04,2.93,9.76,33680,14560,13228,24702,5582,-5274
32482,22531,4489,4901,4489,14766,2885,16058,1,5.02,4.60,1.44,9390,19255,18943,412,10277,13173
172430,11962,4487,7002,4487,1612,1318,57013,0,2.67,1.71,14.41,11489,6099,58331,2515,-2875,55695
26820,9886,4460,4151,4460,3277,1613,566,1,2.22,2.38,2.71,8611,7737,2179,-309,-1183,-1047
13688,12996,4460,3379,4460,17487,4786,97741,1,2.91,3.85,1.05,7839,21947,102527,-1081,13027,92955
324868,21695,4448,1878,4448,2288,506,59304,1,4.88,11.55,14.97,6326,6736,59810,-2570,-2160,58798
127883,9040,4442,8696,4442,2301,877,32472,1,2.04,1.04,14.15,13138,6743,33349,4254,-2141,31595
8664,24566,4439,5912,4439,18938,6401,137750,1,5.53,4.16,0.35,10351,23377,144151,1473,14499,131349
9982,13451,4437,12339,4437,9283,2798,625460,1,3.03,1.09,0.74,16776,13720,628258,7902,4846,622662
60498,34781,4432,2729,4432,5060,4930,642366,1,7.85,12.74,1.74,7161,9492,647296,-1703,628,637436
43033,26901,4432,2171,4432,3611,2565,1055,0,6.07,12.39,1.60,6603,8043,3620,-2261,-821,-1510
202758,3215,4426,1480,4426,1345,432,36899,1,0.73,2.17,63.07,5906,5771,37331,-2946,-3081,36467
28290,38195,4424,106063,4424,7025,5367,1741,1,8.63,0.36,0.74,110487,11449,7108,101639,2601,-3626
32836,31096,4421,46306,4421,12263,2699,2558,0,7.03,0.67,1.06,50727,16684,5257,41885,7842,-141
1163333,66906,4413,40235,4413,5596,2172,170247,1,15.16,1.66,17.39,44648,10009,172419,35822,1183,168075
38642,19093,4412,9183,4412,2106,943,80585,1,4.33,2.08,2.02,13595,6518,81528,4771,-2306,79642
19022,28258,855,6063,4410,4709,487,8546,0,33.05,4.66,0.67,6918,9119,9033,5208,299,8059
131665,224544,143917,6576,4401,90835,1997,535304,0,1.56,34.15,0.59,150493,95236,537301,-137341,86434,533307
767333,39491,4398,25069,4398,9266,10642,3966,1,8.98,1.58,19.43,29467,13664,14608,20671,4868,-6676
47627,21702,4394,8349,4394,4481,2664,2027,1,4.94,2.60,2.19,12743,8875,4691,3955,87,-637
95634,56972,4391,5309,4391,2353,528,287,1,12.97,10.73,1.68,9700,6744,815,918,-2038,-241
444450,142221,4362,14077,4362,11740,7655,5909,1,32.60,10.10,3.13,18439,16102,13564,9715,7378,-1746
335143,989646,27467,279898,4357,277358,3903,1444445,0,36.03,3.54,0.34,307365,281715,1448348,252431,273001,1440542
621498,72794,10101,29263,4343,17399,1093,235771,0,7.21,2.49,8.54,39364,21742,236864,19162,13056,234678
35145,10929,4343,2362,4343,8460,8316,98074,1,2.52,4.63,3.22,6705,12803,106390,-1981,4117,89758
465372,193023,4341,17117,4341,9965,2892,3805,0,44.47,11.28,2.41,21458,14306,6697,12776,5624,913
122740,825576,38786,3978,4341,115360,6906,961387,0,21.29,207.54,0.15,42764,119701,968293,-34808,111019,954481
18440,24150,4339,5427,4339,6630,2919,42163,1,5.57,4.45,0.76,9766,10969,45082,1088,2291,39244
637033,84711,4327,6685,4327,3892,2133,185859,0,19.58,12.67,7.52,11012,8219,187992,2358,-435,183726
251497,19667,4323,2741,4323,1024,610,49744,1,4.55,7.18,12.79,7064,5347,50354,-1582,-3299,49134
119435,9827,4322,6642,4322,1651,555,289,1,2.27,1.48,12.15,10964,5973,844,2320,-2671,-266
199093,27765,4321,2000,4321,1707,200,54072,1,6.43,13.88,7.17,6321,6028,54272,-2321,-2614,53872
86941,9205,4318,5885,4318,773,350,17932,0,2.13,1.56,9.44,10203,5091,18282,1567,-3545,17582
895026,109361,4310,4632,4310,11767,18154,35327,1,25.37,23.61,8.18,8942,16077,53481,322,7457,17173
7165,15065,4305,19306,4305,16823,686,73893,1,3.50,0.78,0.48,23611,21128,74579,15001,12518,73207
585213,30919,4289,2121,4289,5359,3495,170335,1,7.21,14.58,18.93,6410,9648,173830,-2168,1070,166840
359407,141413,4501,7856,4279,4635,190,118187,0,31.42,18.00,2.54,12357,8914,118377,3355,356,117997
1750738,92723,55607,39792,4269,17479,5693,365555,0,1.67,2.33,18.88,95399,21748,371248,-15815,13210,359862
789856,287616,4268,17964,4268,13489,7752,3452,0,67.39,16.01,2.75,22232,17757,11204,13696,9221,-4300
100408,17083,4263,2632,4263,4408,2011,16502,0,4.01,6.49,5.88,6895,8671,18513,-1631,145,14491
141428,8027,4259,4010,4259,1651,549,47515,1,1.88,2.00,17.62,8269,5910,48064,-249,-2608,46966
15968,9324,4258,11005,4258,4691,5556,12871,1,2.19,0.85,1.71,15263,8949,18427,6747,433,7315
256115,30215,7750,6451,4239,1583,2432,45726,0,3.90,4.68,8.48,14201,5822,48158,-1299,-2656,43294
37954,70943,5767,6146,4238,5538,6462,360198,0,12.30,11.54,0.53,11913,9776,366660,379,1300,353736
73201,100565,7290,12337,4235,3109,990,109375,0,13.79,8.15,0.73,19627,7344,110365,5047,-1126,108385
464144,17131,4230,10963,4230,2650,1813,1769,1,4.05,1.56,27.09,15193,6880,3582,6733,-1580,-44
274842,80701,4228,7915,4228,11317,7518,621533,1,19.09,10.20,3.41,12143,15545,629051,3687,7089,614015
176667,36132,4226,6315,4226,1595,280,54447,1,8.55,5.72,4.89,10541,5821,54727,2089,-2631,54167
173806,36588,12002,4166,4220,4210,3334,90644,0,3.05,8.78,4.75,16168,8430,93978,-7836,-10,87310
9937,14077,4218,18208,4218,29966,5207,95617,0,3.34,0.77,0.71,22426,34184,100824,13990,25748,90410
99425,8005,4210,795,4210,1927,251,51311,1,1.90,10.07,12.42,5005,6137,51562,-3415,-2283,51060
17040,9187,1083,2515,4200,1265,161,31097,0,8.48,3.65,1.85,3598,5465,31258,1432,-2935,30936
4319,17976,12866,15099,4194,5191,1904,464493,0,1.40,1.19,0.24,27965,9385,466397,2233,997,462589
31147,9868,16875,13319,4186,5107,5042,42735,0,0.58,0.74,3.16,30194,9293,47777,-3556,921,37693
553047,15195,4162,3782,4162,601,272,54913,1,3.65,4.02,36.40,7944,4763,55185,-380,-3561,54641
35758,65541,4144,3303,4144,6063,2410,1923,1,15.82,19.84,0.55,7447,10207,4333,-841,1919,-487
525154,130421,4130,29284,4130,24040,24497,641968,1,31.58,4.45,4.03,33414,28170,666465,25154,19910,617471
1333382,60973,13900,60423,4120,6975,4044,266355,0,4.39,1.01,21.87,74323,11095,270399,46523,2855,262311
2412765,49795,13535,26275,4107,7503,2548,216637,0,3.68,1.90,48.45,39810,11610,219185,12740,3396,214089
161081,18263,4104,3934,4104,1803,721,294,0,4.45,4.64,8.82,8038,5907,1015,-170,-2301,-427
9138,7083,4099,10753,4099,5439,2161,1465,1,1.73,0.66,1.29,14852,9538,3626,6654,1340,-696
71383,14796,13907,1595,4084,1110,2840,84727,0,1.06,9.28,4.82,15502,5194,87567,-12312,-2974,81887
77516,25908,16268,5534,4081,3065,979,92312,0,1.59,4.68,2.99,21802,7146,93291,-10734,-1016,91333
106813,33192,4080,7680,4080,4603,1227,561,0,8.14,4.32,3.22,11760,8683,1788,3600,523,-666
1212313,40617,10485,4029,4064,8692,712,180486,0,3.87,10.08,29.85,14514,12756,181198,-6456,4628,179774
200451,855685,5828,229029,4057,205465,4017,1031489,0,146.82,3.74,0.23,234857,209522,1035506,223201,201408,1027472
56663,4992,4054,5400,4054,7172,762,11119,1,1.23,0.92,11.35,9454,11226,11881,1346,3118,10357
146099,338746,9559,213911,4049,349471,3704,1445375,0,35.44,1.58,0.43,223470,353520,1449079,204352,345422,1441671
3786,25252,4039,9476,4039,8935,5322,22797,1,6.25,2.66,0.15,13515,12974,28119,5437,4896,17475
24167,23651,4037,511,4037,676,817,436,0,5.86,46.28,1.02,4548,4713,1253,-3526,-3361,-381
61977,4269,4035,1518,4035,1082,254,460,0,1.06,2.81,14.52,5553,5117,714,-2517,-2953,206
225194,12331,4030,980,4030,2168,199,32590,1,3.06,12.58,18.26,5010,6198,32789,-3050,-1862,32391
25774,9029,4023,5155,4023,3760,1802,2738,1,2.24,1.75,2.85,9178,7783,4540,1132,-263,936
109393,14212,4021,10439,4021,4037,3719,4778,0,3.53,1.36,7.70,14460,8058,8497,6418,16,1059
1410241,86081,4019,9098,4019,6290,12715,3673,0,21.42,9.46,16.38,13117,10309,16388,5079,2271,-9042
180326,55489,4009,11222,4009,4018,1548,17625,0,13.84,4.94,3.25,15231,8027,19173,7213,9,16077
230886,66599,13030,9047,4008,4912,347,119780,0,5.11,7.36,3.47,22077,8920,120127,-3983,904,119433
1601043,9220,4006,17271,4006,9688,12854,3413,1,2.30,0.53,173.65,21277,13694,16267,13265,5682,-9441
961786,166135,4004,11856,4004,13397,5554,2858,0,41.49,14.01,5.79,15860,17401,8412,7852,9393,-2696
1056394,17723,3999,3330,3999,3867,2651,120636,0,4.43,5.32,59.61,7329,7866,123287,-669,-132,117985
7507,19769,3990,21241,3990,2599,1460,54340,1,4.95,0.93,0.38,25231,6589,55800,17251,-1391,52880
10092,15205,3977,5969,3977,6061,3935,589370,1,3.82,2.55,0.66,9946,10038,593305,1992,2084,585435
375059,29915,3971,2627,3971,4362,1083,35910,1,7.53,11.39,12.54,6598,8333,36993,-1344,391,34827
765930,1112945,10379,391491,3970,212086,3032,1146045,0,107.23,2.84,0.69,401870,216056,1149077,381112,208116,1143013
170887,30125,3967,11163,3967,5963,1463,3755,1,7.59,2.70,5.67,15130,9930,5218,7196,1996,2292
12790,27595,3959,15979,3959,3810,5632,4874,1,6.97,1.73,0.46,19938,7769,10506,12020,-149,-758
266996,57690,12295,24328,3957,4092,1071,110616,0,4.69,2.37,4.63,36623,8049,111687,12033,135,109545
110524,41996,3957,13609,3957,9080,2798,618643,1,10.61,3.09,2.63,17566,13037,621441,9652,5123,615845
5654,3203,3955,9488,3955,4978,3808,1444,1,0.81,0.34,1.77,13443,8933,5252,5533,1023,-2364
235570,107159,49343,6618,3940,122658,2925,1008346,0,2.17,16.19,2.20,55961,126598,1011271,-42725,118718,1005421
29163,37184,3928,4391,3928,1446,414,45879,1,9.47,8.47,0.78,8319,5374,46293,463,-2482,45465
171526,52197,3926,4652,3926,5390,1182,1433,0,13.30,11.22,3.29,8578,9316,2615,726,1464,251
178586,4823,3922,2428,3922,2370,208,364,1,1.23,1.99,37.03,6350,6292,572,-1494,-1552,156
89581,27379,3920,27311,3920,4987,3112,2429,1,6.98,1.00,3.27,31231,8907,5541,23391,1067,-683
154560,19557,3912,1742,3912,5079,4166,13626,0,5.00,11.23,7.90,5654,8991,17792,-2170,1167,9460
15328,15923,3905,6277,3905,2518,1139,1943,1,4.08,2.54,0.96,10182,6423,3082,2372,-1387,804
137130,365737,7587,98789,3904,173820,4244,824353,0,48.21,3.70,0.37,106376,177724,828597,91202,169916,820109
3557427,360633,3895,84273,3895,23361,22684,848721,0,92.59,4.28,9.86,88168,27256,871405,80378,19466,826037
266015,30962,10260,19449,3887,1376,1484,169056,0,3.02,1.59,8.59,29709,5263,170540,9189,-2511,167572
761317,87327,3877,4190,3877,2427,785,95097,0,22.52,20.84,8.72,8067,6304,95882,313,-1450,94312
932555,54221,3874,6013,3874,7503,3163,28755,1,14.00,9.02,17.20,9887,11377,31918,2139,3629,25592
919850,292907,3871,57244,3871,17929,40751,8432,0,75.67,5.12,3.14,61115,21800,49183,53373,14058,-32319
165102,1903222,45938,487684,3856,275318,2735,1580738,0,41.43,3.90,0.09,533622,279174,1583473,441746,271462,1578003
61885,86020,3856,6855,3856,1233,2118,34500,1,22.31,12.55,0.72,10711,5089,36618,2999,-2623,32382
310485,775857,3469,2936,3835,105446,4024,825331,0,223.65,264.26,0.40,6405,109281,829355,-533,101611,821307
298889,19742,3822,11213,3822,512,400,60314,1,5.17,1.76,15.14,15035,4334,60714,7391,-3310,59914
651093,48626,3822,8135,3822,5150,3797,25681,0,12.72,5.98,13.39,11957,8972,29478,4313,1328,21884
218515,34543,9067,2620,3821,6429,998,122644,0,3.81,13.18,6.33,11687,10250,123642,-6447,2608,121646
2050135,187387,3821,19023,3821,10757,3213,618100,1,49.04,9.85,10.94,22844,14578,621313,15202,6936,614887
41405,13621,3816,2578,3816,4336,3902,2963,0,3.57,5.28,3.04,6394,8152,6865,-1238,520,-939
1142794,128720,3814,11954,3814,8079,2557,660325,1,33.75,10.77,8.88,15768,11893,662882,8140,4265,657768
9084,15686,3808,5975,3808,3615,2045,40563,1,4.12,2.63,0.58,9783,7423,42608,2167,-193,38518
98892,20460,3803,4152,3803,1875,1334,44887,0,5.38,4.93,4.83,7955,5678,46221,349,-1928,43553
70820,9062,3799,19271,3799,4089,2324,1273,1,2.39,0.47,7.82,23070,7888,3597,15472,290,-1051
934453,732071,13918,572532,3790,281874,2188,1561610,0,52.60,1.28,1.28,586450,285664,1563798,558614,278084,1559422
673644,70423,7930,6818,3790,5023,1042,54186,0,8.88,10.33,9.57,14748,8813,55228,-1112,1233,53144
13950,16768,3777,7423,3777,5559,1849,55917,1,4.44,2.26,0.83,11200,9336,57766,3646,1782,54068
635942,97830,3774,16564,3774,19630,3931,2993,0,25.92,5.91,6.50,20338,23404,6924,12790,15856,-938
148157,57081,3752,6240,3752,4391,524,114529,1,15.21,9.15,2.60,9992,8143,115053,2488,639,114005
75374,13347,3749,17764,3749,15863,5931,115663,0,3.56,0.75,5.65,21513,19612,121594,14015,12114,109732
1142705,436132,118597,165247,3741,265804,4035,1554948,0,3.68,2.64,2.62,283844,269545,1558983,46650,262063,1550913
63628,5331,3740,376,3740,854,116,28087,0,1.43,14.18,11.94,4116,4594,28203,-3364,-2886,27971
349432,49947,9948,3461,3739,3681,499,92198,0,5.02,14.43,7.00,13409,7420,92697,-6487,-58,91699
876022,22823,6517,7068,3730,3947,920,96166,0,3.50,3.23,38.38,13585,7677,97086,551,217,95246
13523,15798,3727,7834,3727,4643,3453,3155,1,4.24,2.02,0.86,11561,8370,6608,4107,916,-298
41378,36556,3725,14042,3725,5392,5787,2860,1,9.81,2.60,1.13,17767,9117,8647,10317,1667,-2927
66035,37767,3715,1856,3715,1446,655,55616,1,10.17,20.35,1.75,5571,5161,56271,-1859,-2269,54961
22672,9470,3707,23067,3707,7353,9614,2102,1,2.55,0.41,2.39,26774,11060,11716,19360,3646,-7512
1033338,141705,3707,6883,3707,11288,6589,7687,1,38.23,20.59,7.29,10590,14995,14276,3176,7581,1098
8133,16148,3707,25643,3707,13386,6697,113641,1,4.36,0.63,0.50,29350,17093,120338,21936,9679,106944
432006,19543,3706,15261,3706,4811,4400,2144,1,5.27,1.28,22.11,18967,8517,6544,11555,1105,-2256
98263,42335,3706,1450,3706,2487,1847,1417,0,11.42,29.20,2.32,5156,6193,3264,-2256,-1219,-430
267227,979777,18663,285795,3705,304636,4913,1515444,0,52.50,3.43,0.27,304458,308341,1520357,267132,300931,1510531
566291,257001,3702,4106,3702,11365,9361,2475,1,69.42,62.59,2.20,7808,15067,11836,404,7663,-6886
7375,19935,3701,13151,3701,3714,1993,666,1,5.39,1.52,0.37,16852,7415,2659,9450,13,-1327
66490,59352,3699,11011,3699,19710,20418,107062,0,16.05,5.39,1.12,14710,23409,127480,7312,16011,86644
285485,46393,3696,2661,3696,8752,6136,648491,1,12.55,17.43,6.15,6357,12448,654627,-1035,5056,642355
87540,41804,3691,14693,3691,2548,2449,3030,0,11.33,2.85,2.09,18384,6239,5479,11002,-1143,581
435680,882389,7061,363359,3685,206904,2099,1153692,0,124.97,2.43,0.49,370420,210589,1155791,356298,203219,1151593
999646,43463,1569,2634,3685,3072,2765,181254,0,27.70,16.50,23.00,4203,6757,184019,1065,-613,178489
318798,53805,3683,4396,3683,8865,5177,1564,0,14.61,12.24,5.93,8079,12548,6741,713,5182,-3613
218061,10823,3683,1078,3683,816,329,39341,1,2.94,10.04,20.15,4761,4499,39670,-2605,-2867,39012
149055,30501,3679,3343,3679,2611,2608,1981,1,8.29,9.12,4.89,7022,6290,4589,-336,-1068,-627
2870,17722,3674,7419,3674,5820,3531,29841,1,4.82,2.39,0.16,11093,9494,33372,3745,2146,26310
412456,105724,3673,24497,3673,21700,5204,694123,1,28.78,4.32,3.90,28170,25373,699327,20824,18027,688919
45503,18125,3669,14754,3669,9249,3096,50591,1,4.94,1.23,2.51,18423,12918,53687,11085,5580,47495
429861,7801,3656,851,3656,2855,331,293,0,2.13,9.17,55.10,4507,6511,624,-2805,-801,-38
40521,5800,3653,2775,3653,5750,4593,4000,1,1.59,2.09,6.99,6428,9403,8593,-878,2097,-593
66810,21868,3644,19128,3644,4147,2860,2224,0,6.00,1.14,3.06,22772,7791,5084,15484,503,-636
72464,26405,3624,10183,3624,9840,2956,2910,1,7.29,2.59,2.74,13807,13464,5866,6559,6216,-46
8496,5673,3622,2181,3622,3371,2913,31473,1,1.57,2.60,1.50,5803,6993,34386,-1441,-251,28560
90038,33307,8964,7707,3621,30783,902,192763,0,3.72,4.32,2.70,16671,34404,193665,-1257,27162,191861
932417,22252,3609,7774,3609,3819,3374,4489,1,6.17,2.86,41.90,11383,7428,7863,4165,210,1115
9926,20630,3602,7770,3602,12952,4055,42663,1,5.73,2.66,0.48,11372,16554,46718,4168,9350,38608
1787897,121710,12237,7659,3587,4706,2665,198352,0,9.95,15.89,14.69,19896,8293,201017,-4578,1119,195687
1248403,444629,160967,1809,3579,140451,931,864294,0,2.76,245.79,2.81,162776,144030,865225,-159158,136872,863363
227165,67828,3556,1832,3556,2162,1771,4824,0,19.07,37.02,3.35,5388,5718,6595,-1724,-1394,3053
202231,178353,3537,22780,3537,12624,5458,696999,1,50.42,7.83,1.13,26317,16161,702457,19243,9087,691541
523688,83318,3530,14564,3530,3727,1307,172050,1,23.60,5.72,6.29,18094,7257,173357,11034,197,170743
392574,16613,3530,5063,3530,1759,910,5784,0,4.71,3.28,23.63,8593,5289,6694,1533,-1771,4874
124251,197963,4709,91309,3525,75449,3427,342913,0,42.04,2.17,0.63,96018,78974,346340,86600,71924,339486
24911,32229,3525,7854,3525,13188,5906,188299,0,9.14,4.10,0.77,11379,16713,194205,4329,9663,182393
28553,21059,3514,8270,3514,3063,2691,1336,1,5.99,2.55,1.36,11784,6577,4027,4756,-451,-1355
59458,12640,3502,6615,3502,1521,652,316,0,3.61,1.91,4.70,10117,5023,968,3113,-1981,-336
5559,12695,3499,4829,3499,8753,6461,2077,0,3.63,2.63,0.44,8328,12252,8538,1330,5254,-4384
524847,34166,7988,2662,3490,4745,1603,33723,0,4.28,12.83,15.36,10650,8235,35326,-5326,1255,32120
276941,28215,3487,4321,3487,2225,895,61010,1,8.09,6.53,9.82,7808,5712,61905,834,-1262,60115
18394,56472,3479,55665,3479,7886,2893,4436,0,16.23,1.01,0.33,59144,11365,7329,52186,4407,1543
123919,147399,58415,7743,3475,54298,1111,311132,0,2.52,19.04,0.84,66158,57773,312243,-50672,50823,310021
309276,25516,3474,1974,3474,2527,1193,31701,1,7.34,12.93,12.12,5448,6001,32894,-1500,-947,30508
307690,17802,3468,3475,3468,850,868,7587,0,5.13,5.12,17.28,6943,4318,8455,7,-2618,6719
195184,44179,3459,3233,3459,612,452,47307,1,12.77,13.67,4.42,6692,4071,47759,-226,-2847,46855
110229,32412,17380,4638,3458,1793,2087,17704,0,1.86,6.99,3.40,22018,5251,19791,-12742,-1665,15617
39366,34106,3452,5545,3452,18509,6571,72799,0,9.88,6.15,1.15,8997,21961,79370,2093,15057,66228
578266,285384,39762,7509,3451,55075,630,463234,0,7.18,38.01,2.03,47271,58526,463864,-32253,51624,462604
274386,15562,2929,7085,3447,2939,1806,115540,0,5.31,2.20,17.63,10014,6386,117346,4156,-508,113734
333775,64522,6511,2381,3445,3520,2086,51421,0,9.91,27.10,5.17,8892,6965,53507,-4130,75,49335
776368,159910,3442,10981,3442,8926,3914,5524,0,46.46,14.56,4.86,14423,12368,9438,7539,5484,1610
344272,38915,32645,7067,3439,52827,2398,321342,0,1.19,5.51,8.85,39712,56266,323740,-25578,49388,318944
31862,27898,3438,7821,3438,10880,7194,654874,1,8.11,3.57,1.14,11259,14318,662068,4383,7442,647680
341431,129836,26981,3105,3437,68783,2172,311891,0,4.81,41.82,2.63,30086,72220,314063,-23876,65346,309719
304894,37403,3436,7607,3436,8613,1817,1526,0,10.89,4.92,8.15,11043,12049,3343,4171,5177,-291
12002,4686,3429,7140,3429,1878,700,1186,1,1.37,0.66,2.56,10569,5307,1886,3711,-1551,486
149277,125218,76587,8768,3429,65272,1198,776688,0,1.63,14.28,1.19,85355,68701,777886,-67819,61843,775490
102302,36545,5352,3698,3429,2164,639,54623,0,6.83,9.88,2.80,9050,5593,55262,-1654,-1265,53984
869969,17408,3678,15071,3424,4161,2229,77438,0,4.73,1.16,49.98,18749,7585,79667,11393,737,75209
10963,7941,3421,7226,3421,14386,5889,71407,1,2.32,1.10,1.38,10647,17807,77296,3805,10965,65518
74363,16180,3415,1204,3415,977,459,386,1,4.74,13.44,4.60,4619,4392,845,-2211,-2438,-73
542316,117091,3411,21883,3411,13643,5497,3427,1,34.33,5.35,4.63,25294,17054,8924,18472,10232,-2070
456910,863163,4770,372699,3405,200495,2816,1078147,0,180.96,2.32,0.53,377469,203900,1080963,367929,197090,1075331
107080,11209,3391,1323,3391,1156,1129,951,1,3.31,8.47,9.55,4714,4547,2080,-2068,-2235,-178
57004,17838,3250,3099,3390,1785,591,57329,0,5.49,5.76,3.20,6349,5175,57920,-151,-1605,56738
274323,322318,171512,6914,3384,134262,2142,907553,0,1.88,46.62,0.85,178426,137646,909695,-164598,130878,905411
133661,6154,2014,1001,3369,1899,737,26354,0,3.06,6.15,21.72,3015,5268,27091,-1013,-1470,25617
7222,12669,3359,8289,3359,8935,1771,36482,1,3.77,1.53,0.57,11648,12294,38253,4930,5576,34711
323601,282479,3346,44845,3346,99015,34574,21922,0,84.42,6.30,1.15,48191,102361,56496,41499,95669,-12652
99356,78834,3344,32948,3344,14016,10463,123601,0,23.57,2.39,1.26,36292,17360,134064,29604,10672,113138
165581,21937,1535,2282,3338,3534,2064,82751,0,14.29,9.61,7.55,3817,6872,84815,747,196,80687
535507,8642,3336,1016,3336,411,319,459,0,2.59,8.51,61.97,4352,3747,778,-2320,-2925,140
186927,45045,3334,33522,3334,7622,4882,4087,0,13.51,1.34,4.15,36856,10956,8969,30188,4288,-795
1085563,3203,3333,1412,3333,2326,5619,33137,0,0.96,2.27,338.92,4745,5659,38756,-1921,-1007,27518
17605,33161,3331,24468,3331,23307,6426,88271,1,9.96,1.36,0.53,27799,26638,94697,21137,19976,81845
117329,23600,3321,4667,3321,1415,1590,1217,0,7.11,5.06,4.97,7988,4736,2807,1346,-1906,-373
909365,16217,7577,10073,3309,7375,279,98271,0,2.14,1.61,56.07,17650,10684,98550,2496,4066,97992
23984,17075,3308,33378,3308,7749,2224,41667,1,5.16,0.51,1.40,36686,11057,43891,30070,4441,39443
605986,148067,3302,11665,3302,24949,8258,3405,0,44.84,12.69,4.09,14967,28251,11663,8363,21647,-4853
392410,1118214,27843,499935,3299,245462,4371,1498328,0,40.16,2.24,0.35,527778,248761,1502699,472092,242163,1493957
103122,11645,791,1672,3290,852,828,86805,0,14.72,6.96,8.86,2463,4142,87633,881,-2438,85977
534036,1687791,32973,351552,3287,264334,4629,1386099,0,51.19,4.80,0.32,384525,267621,1390728,318579,261047,1381470
96137,41978,11743,5122,3275,5274,3090,67377,0,3.57,8.20,2.29,16865,8549,70467,-6621,1999,64287
95735,17284,3274,882,3274,6860,3225,25159,0,5.28,19.60,5.54,4156,10134,28384,-2392,3586,21934
499268,25742,10955,15118,3255,6408,874,104361,0,2.35,1.70,19.40,26073,9663,105235,4163,3153,103487
9487,21915,3255,6479,3255,1951,3768,40250,1,6.73,3.38,0.43,9734,5206,44018,3224,-1304,36482
442107,116412,3240,26671,3240,11661,5924,1933,1,35.93,4.36,3.80,29911,14901,7857,23431,8421,-3991
30162,32608,3222,10989,3222,4337,2255,73597,1,10.12,2.97,0.92,14211,7559,75852,7767,1115,71342
590517,31433,5755,6591,3217,727,325,53715,0,5.46,4.77,18.79,12346,3944,54040,836,-2490,53390
116500,69909,8070,12390,3212,8614,1028,100547,0,8.66,5.64,1.67,20460,11826,101575,4320,5402,99519
1753,18686,3203,7025,3203,3608,1433,1509,1,5.83,2.66,0.09,10228,6811,2942,3822,405,76
81746,25618,3198,2486,3198,2641,3177,2054,1,8.01,10.30,3.19,5684,5839,5231,-712,-557,-1123
975422,926410,27537,262784,3192,253776,7860,1389341,0,33.64,3.53,1.05,290321,256968,1397201,235247,250584,1381481
53898,41498,8864,3360,3182,8297,2415,78245,0,4.68,12.35,1.30,12224,11479,80660,-5504,5115,75830
577510,103220,3174,12769,3174,4169,2736,193697,1,32.52,8.08,5.59,15943,7343,196433,9595,995,190961
125004,17098,3173,4519,3173,1381,571,144,1,5.39,3.78,7.31,7692,4554,715,1346,-1792,-427
86933,21000,3170,677,3170,1893,817,744,1,6.62,31.02,4.14,3847,5063,1561,-2493,-1277,-73
1811880,797305,61546,227697,3169,183094,6842,1135835,0,12.95,3.50,2.27,289243,186263,1142677,166151,179925,1128993
16317,16236,3169,11957,3169,11159,1387,38844,1,5.12,1.36,1.00,15126,14328,40231,8788,7990,37457
305764,19982,3167,1751,3167,2994,1688,187213,1,6.31,11.41,15.30,4918,6161,188901,-1416,-173,185525
116061,27257,3162,2033,3162,2173,560,789,0,8.62,13.41,4.26,5195,5335,1349,-1129,-989,229
114778,16415,3158,3724,3158,3758,3192,173997,1,5.20,4.41,6.99,6882,6916,177189,566,600,170805
635084,38819,3155,22957,3155,4538,3124,2165,0,12.30,1.69,16.36,26112,7693,5289,19802,1383,-959
211259,12384,3154,4189,3154,4635,1989,2510,0,3.93,2.96,17.06,7343,7789,4499,1035,1481,521
131655,34358,3149,2836,3149,1360,301,58097,1,10.91,12.11,3.83,5985,4509,58398,-313,-1789,57796
128734,8023,3136,1975,3136,3482,1861,14509,0,2.56,4.06,16.05,5111,6618,16370,-1161,346,12648
214914,6634,3122,1448,3122,625,419,1033,1,2.12,4.58,32.40,4570,3747,1452,-1674,-2497,614
339714,18390,3118,4084,3118,837,301,70529,0,5.90,4.50,18.47,7202,3955,70830,966,-2281,70228
193720,11086,3117,4061,3117,12878,3742,3933,1,3.56,2.73,17.47,7178,15995,7675,944,9761,191
29870,27074,3114,13621,3114,9130,6881,647343,1,8.69,1.99,1.10,16735,12244,654224,10507,6016,640462
1764,6746,3109,2778,3109,5924,4999,30547,1,2.17,2.43,0.26,5887,9033,35546,-331,2815,25548
502724,12665,12335,14256,3097,3546,1089,88604,0,1.03,0.89,39.69,26591,6643,89693,1921,449,87515
2383505,28010,3412,10682,3093,1625,1004,169477,0,8.21,2.62,85.09,14094,4718,170481,7270,-1468,168473
1115903,32674,3090,31864,3090,12555,4745,3066,1,10.57,1.03,34.15,34954,15645,7811,28774,9465,-1679
31597,30609,17995,3713,3082,1866,1183,98290,0,1.70,8.24,1.03,21708,4948,99473,-14282,-1216,97107
2081432,99037,24591,11635,3071,8319,11443,117723,0,4.03,8.51,21.02,36226,11390,129166,-12956,5248,106280
230193,86707,8506,3729,3064,40845,661,211476,0,10.19,23.25,2.65,12235,43909,212137,-4777,37781,210815
355290,43753,11665,8797,3064,5362,2211,1801,0,3.75,4.97,8.12,20462,8426,4012,-2868,2298,-410
354303,3374,3059,1513,3059,621,1665,1315,1,1.10,2.23,105.01,4572,3680,2980,-1546,-2438,-350
343828,57886,3052,23002,3052,2731,3888,67955,0,18.97,2.52,5.94,26054,5783,71843,19950,-321,64067
64482,5701,3051,1458,3051,621,171,15859,1,1.87,3.91,11.31,4509,3672,16030,-1593,-2430,15688
594919,30778,3051,1753,3051,3457,950,31636,1,10.09,17.56,19.33,4804,6508,32586,-1298,406,30686
79507,9455,3048,1286,3048,731,174,12450,1,3.10,7.35,8.41,4334,3779,12624,-1762,-2317,12276
1082651,63386,8027,7977,3037,3514,637,96365,0,7.90,7.95,17.08,16004,6551,97002,-50,477,95728
619237,45913,5601,3995,3030,6434,5876,58268,0,8.20,11.49,13.49,9596,9464,64144,-1606,3404,52392
63569,28531,3028,5581,3028,6288,1947,3462,1,9.42,5.11,2.23,8609,9316,5409,2553,3260,1515
57678,21420,3023,2685,3023,4794,4201,37392,0,7.09,7.98,2.69,5708,7817,41593,-338,1771,33191
11825,7879,3020,3977,3020,6590,3897,45687,1,2.61,1.98,1.50,6997,9610,49584,957,3570,41790
115658,37931,3017,4707,3017,13855,3993,22484,0,12.57,8.06,3.05,7724,16872,26477,1690,10838,18491
121666,233158,7246,118158,3007,62633,1499,394863,0,32.18,1.97,0.52,125404,65640,396362,110912,59626,393364
890441,159238,2999,13904,2999,5946,1104,155712,1,53.10,11.45,5.59,16903,8945,156816,10905,2947,154608
196594,60094,2093,4216,2991,2942,908,76674,0,28.71,14.25,3.27,6309,5933,77582,2123,-49,75766
20324,23625,2983,4060,2983,4026,5006,22855,1,7.92,5.82,0.86,7043,7009,27861,1077,1043,17849
20953,21284,2981,9394,2981,2489,2080,3052,1,7.14,2.27,0.98,12375,5470,5132,6413,-492,972
675837,236444,54166,7950,2978,109099,4122,858742,0,4.37,29.74,2.86,62116,112077,862864,-46216,106121,854620
28347,3802,41954,13731,2977,5762,2744,200099,0,0.09,0.28,7.46,55685,8739,202843,-28223,2785,197355
105649,23890,2969,13283,2969,1608,2011,2190,1,8.05,1.80,4.42,16252,4577,4201,10314,-1361,179
425155,1039917,11567,267473,2968,239441,2412,1163721,0,89.90,3.89,0.41,279040,242409,1166133,255906,236473,1161309
86787,12965,2940,8407,2940,5390,3266,47110,0,4.41,1.54,6.69,11347,8330,50376,5467,2450,43844
36828,16888,2938,3050,2938,1236,685,30880,0,5.75,5.54,2.18,5988,4174,31565,112,-1702,30195
42311,29670,2919,4982,2919,7003,2393,2786,1,10.16,5.96,1.43,7901,9922,5179,2063,4084,393
275306,101604,2917,6676,2917,17501,15253,2985,0,34.83,15.22,2.71,9593,20418,18238,3759,14584,-12268
63939,68894,2915,643,2915,5475,3579,3070,0,23.63,107.14,0.93,3558,8390,6649,-2272,2560,-509
107968,13725,2909,21037,2909,1430,1364,928,0,4.72,0.65,7.87,23946,4339,2292,18128,-1479,-436
165424,30413,9713,1741,2905,1258,2156,119509,0,3.13,17.47,5.44,11454,4163,121665,-7972,-1647,117353
18614,11114,2903,1801,2903,1252,1244,1162,1,3.83,6.17,1.67,4704,4155,2406,-1102,-1651,-82
228567,69294,2902,8813,2902,7291,9256,10438,1,23.88,7.86,3.30,11715,10193,19694,5911,4389,1182
64671,33275,2887,55977,2887,7305,2350,3011,0,11.53,0.59,1.94,58864,10192,5361,53090,4418,661
19102,9248,2886,1817,2886,1385,1349,1210,0,3.20,5.09,2.07,4703,4271,2559,-1069,-1501,-139
51258,12260,2879,3518,2879,3690,2458,2569,0,4.26,3.48,4.18,6397,6569,5027,639,811,111
297968,123246,2875,7207,2875,5315,2414,34680,0,42.87,17.10,2.42,10082,8190,37094,4332,2440,32266
401494,9179,2874,770,2874,1802,740,41605,1,3.19,11.92,43.74,3644,4676,42345,-2104,-1072,40865
81915,65381,2871,19241,2871,24569,12044,3135,0,22.77,3.40,1.25,22112,27440,15179,16370,21698,-8909
698073,669357,22835,196172,2868,202998,2649,1039995,0,29.31,3.41,1.04,219007,205866,1042644,173337,200130,1037346
32799,5248,2855,1973,2855,1769,1694,807,0,1.84,2.66,6.25,4828,4624,2501,-882,-1086,-887
138321,25218,2849,2466,2849,1735,666,551,0,8.85,10.23,5.49,5315,4584,1217,-383,-1114,-115
317514,36884,8785,9038,2846,1495,2806,45672,0,4.20,4.08,8.61,17823,4341,48478,253,-1351,42866
128139,26557,2841,3274,2841,483,328,293,0,9.35,8.11,4.83,6115,3324,621,433,-2358,-35
77727,6917,6764,6092,2834,2765,2660,44304,0,1.02,1.14,11.24,12856,5599,46964,-672,-69,41644
645483,53119,1346,16155,2828,4111,953,90763,0,39.46,3.29,12.15,17501,6939,91716,14809,1283,89810
670495,1392961,11054,295429,2823,291144,3617,1541084,0,126.01,4.72,0.48,306483,293967,1544701,284375,288321,1537467
501655,36499,2803,4907,2803,3557,3038,121430,1,13.02,7.44,13.74,7710,6360,124468,2104,754,118392
52881,17400,15793,3968,2779,3388,731,57846,0,1.10,4.39,3.04,19761,6167,58577,-11825,609,57115
215760,35829,2769,7988,2769,11821,1114,20230,1,12.94,4.49,6.02,10757,14590,21344,5219,9052,19116
355313,29432,2766,6469,2766,1525,1591,68347,1,10.64,4.55,12.07,9235,4291,69938,3703,-1241,66756
103582,75215,12812,14399,2757,6001,1312,108417,0,5.87,5.22,1.38,27211,8758,109729,1587,3244,107105
252774,51155,2755,5474,2755,969,2153,564,1,18.57,9.35,4.94,8229,3724,2717,2719,-1786,-1589
1262695,45608,2749,10353,2749,7846,5081,4118,0,16.59,4.41,27.69,13102,10595,9199,7604,5097,-963
63194,97818,2745,1618,2745,3694,2611,2260,1,35.63,60.46,0.65,4363,6439,4871,-1127,949,-351
62423,35379,2741,680,2741,5006,3995,497,0,12.91,52.03,1.76,3421,7747,4492,-2061,2265,-3498
97919,10696,2737,4271,2737,509,756,263,0,3.91,2.50,9.15,7008,3246,1019,1534,-2228,-493
6228,19309,2733,10032,2733,7484,3775,85603,1,7.07,1.92,0.32,12765,10217,89378,7299,4751,81828
13040,6166,2730,5253,2730,2909,2350,1496,1,2.26,1.17,2.11,7983,5639,3846,2523,179,-854
46650,22953,14597,1092,2729,1664,162,2553,0,1.57,21.02,2.03,15689,4393,2715,-13505,-1065,2391
130431,1278950,28532,196518,2719,345588,8134,1461524,0,44.83,6.51,0.10,225050,348307,1469658,167986,342869,1453390
93226,35974,2719,1861,2719,3217,3542,145381,1,13.23,19.33,2.59,4580,5936,148923,-858,498,141839
39534,317825,2716,9924,2716,6745,6654,2786,1,117.02,32.03,0.12,12640,9461,9440,7208,4029,-3868
21471,18457,2714,16444,2714,6304,2412,67913,1,6.80,1.12,1.16,19158,9018,70325,13730,3590,65501
406381,55848,36327,25484,2703,26227,731,279942,0,1.54,2.19,7.28,61811,28930,280673,-10843,23524,279211
32635,12173,2688,7591,2688,3024,1705,1460,1,4.53,1.60,2.68,10279,5712,3165,4903,336,-245
199150,17389,3102,2769,2684,2339,2762,96151,0,5.61,6.28,11.45,5871,5023,98913,-333,-345,93389
6335,7437,2669,4922,2669,4589,3070,27738,1,2.79,1.51,0.85,7591,7258,30808,2253,1920,24668
2701492,50614,2658,6586,2658,15332,7883,5260,0,19.04,7.69,53.37,9244,17990,13143,3928,12674,-2623
290276,22554,2657,4527,2657,4821,1602,924,0,8.49,4.98,12.87,7184,7478,2526,1870,2164,-678
1136363,670157,102681,74175,2655,208444,8851,1652521,0,6.53,9.03,1.70,176856,211099,1661372,-28506,205789,1643670
118607,113964,2649,14545,2649,7736,3012,2264,0,43.02,7.84,1.04,17194,10385,5276,11896,5087,-748
13216,9895,2640,16793,2640,18441,5089,140806,1,3.75,0.59,1.34,19433,21081,145895,14153,15801,135717
11018,6441,2639,25850,2639,4641,1615,1331,1,2.44,0.25,1.71,28489,7280,2946,23211,2002,-284
42051,85640,2628,1388,2628,1447,1081,51360,1,32.59,61.70,0.49,4016,4075,52441,-1240,-1181,50279
7823,10528,2626,37648,2626,9170,2340,2274,0,4.01,0.28,0.74,40274,11796,4614,35022,6544,-66
144630,15562,2623,2873,2623,1390,1165,38953,1,5.93,5.42,9.29,5496,4013,40118,250,-1233,37788
142011,12512,2622,726,2622,1738,3178,2040,1,4.77,17.23,11.35,3348,4360,5218,-1896,-884,-1138
6820,12267,4603,12763,2621,12503,2108,315240,0,2.67,0.96,0.56,17366,15124,317348,8160,9882,313132
517180,100803,2621,1493,2621,5360,2444,2580,0,38.46,67.52,5.13,4114,7981,5024,-1128,2739,136
42355,3985,2618,809,2618,467,74,14515,1,1.52,4.93,10.63,3427,3085,14589,-1809,-2151,14441
13221,31440,2618,15730,2618,10211,1974,125628,1,12.01,2.00,0.42,18348,12829,127602,13112,7593,123654
323277,11739,2611,3423,2611,750,317,53729,1,4.50,3.43,27.54,6034,3361,54046,812,-1861,53412
345836,69667,2610,4574,2610,2606,1285,143081,1,26.69,15.23,4.96,7184,5216,144366,1964,-4,141796
653465,115937,2608,9715,2608,4865,4003,1740,0,44.45,11.93,5.64,12323,7473,5743,7107,2257,-2263
58534,45622,9646,2061,2601,6809,5502,63054,0,4.73,22.14,1.28,11707,9410,68556,-7585,4208,57552
723738,27381,2601,14928,2601,11758,4304,705154,1,10.53,1.83,26.43,17529,14359,709458,12327,9157,700850
473338,97857,2601,9653,2601,11945,5027,134044,1,37.62,10.14,4.84,12254,14546,139071,7052,9344,129017
11507,33502,2600,4636,2600,4472,3264,28382,1,12.89,7.23,0.34,7236,7072,31646,2036,1872,25118
341326,30663,2600,11713,2600,9216,2480,4246,0,11.79,2.62,11.13,14313,11816,6726,9113,6616,1766
154847,41649,2580,14278,2580,2640,4435,682726,1,16.14,2.92,3.72,16858,5220,687161,11698,60,678291
5310,46866,2578,5401,2578,7259,7588,123429,1,18.18,8.68,0.11,7979,9837,131017,2823,4681,115841
252657,45473,20253,15648,2570,3016,1917,52184,0,2.25,2.91,5.56,35901,5586,54101,-4605,446,50267
619483,64233,3257,5178,2568,4581,644,85652,0,19.72,12.40,9.64,8435,7149,86296,1921,2013,85008
23595,16253,2565,21961,2565,3210,2752,1534,0,6.34,0.74,1.45,24526,5775,4286,19396,645,-1218
732149,10405,2547,8136,2547,2239,2577,3498,0,4.09,1.28,70.37,10683,4786,6075,5589,-308,921
288799,24701,2546,3156,2546,907,364,41978,1,9.70,7.83,11.69,5702,3453,42342,610,-1639,41614
63620,190957,3133,83390,2545,52595,1363,294201,0,60.95,2.29,0.33,86523,55140,295564,80257,50050,292838
16057,41211,2534,34254,2534,27663,11396,2825,0,16.26,1.20,0.39,36788,30197,14221,31720,25129,-8571
651116,13162,2529,17400,2529,15818,13097,21601,1,5.20,0.76,49.47,19929,18347,34698,14871,13289,8504
67760,15393,2529,1733,2529,798,895,130451,0,6.09,8.88,4.40,4262,3327,131346,-796,-1731,129556
75973,164621,5242,61101,2524,50688,838,284107,0,31.40,2.69,0.46,66343,53212,284945,55859,48164,283269
392803,28807,995,3517,2519,1552,1724,45292,0,28.95,8.19,13.64,4512,4071,47016,2522,-967,43568
264458,24764,11737,2566,2516,1573,708,5180,0,2.11,9.65,10.68,14303,4089,5888,-9171,-943,4472
29333,7209,2512,17807,2512,4234,1715,1612,1,2.87,0.40,4.07,20319,6746,3327,15295,1722,-103
369189,55850,2512,3330,2512,5933,8067,737451,1,22.23,16.77,6.61,5842,8445,745518,818,3421,729384
788766,71633,2508,7028,2508,6364,6216,5626,0,28.56,10.19,11.01,9536,8872,11842,4520,3856,-590
4799,11343,2502,5340,2502,3864,4736,56920,1,4.53,2.12,0.42,7842,6366,61656,2838,1362,52184
240701,87761,16909,33591,2496,6140,455,130478,0,5.19,2.61,2.74,50500,8636,130933,16682,3644,130023
168349,33502,3030,4434,2493,2227,895,106926,0,11.06,7.56,5.03,7464,4720,107821,1404,-266,106031
338417,12659,2480,363,2480,1615,2078,188417,1,5.10,34.87,26.73,2843,4095,190495,-2117,-865,186339
277536,588904,9129,282193,2459,259693,2305,1172848,0,64.51,2.09,0.47,291322,262152,1175153,273064,257234,1170543
535694,748850,12631,209420,2437,232545,2521,1047624,0,59.29,3.58,0.72,222051,234982,1050145,196789,230108,1045103
11403,5660,2432,30431,2432,4393,2338,1870,1,2.33,0.19,2.01,32863,6825,4208,27999,1961,-468
487543,79272,2430,9487,2430,3055,2672,237387,1,32.62,8.36,6.15,11917,5485,240059,7057,625,234715
85018,16082,2428,1646,2428,848,733,1040,1,6.62,9.77,5.29,4074,3276,1773,-782,-1580,307
99174,9216,2419,50296,2419,7810,4636,4663,0,3.81,0.18,10.76,52715,10229,9299,47877,5391,27
607071,1643972,96564,366605,2417,356386,5796,1535211,0,17.02,4.48,0.37,463169,358803,1541007,270041,353969,1529415
868750,1014658,25253,424837,2417,208227,2942,1188439,0,40.18,2.39,0.86,450090,210644,1191381,399584,205810,1185497
111305,24318,2416,5987,2416,5155,1475,1232,0,10.07,4.06,4.58,8403,7571,2707,3571,2739,-243
279772,806899,4150,193834,2410,196878,4751,1047094,0,194.43,4.16,0.35,197984,199288,1051845,189684,194468,1042343
46897,57653,2398,17879,2398,13733,2427,1201,0,24.04,3.22,0.81,20277,16131,3628,15481,11335,-1226
6338,19450,2393,4116,2393,1831,2098,71138,1,8.13,4.73,0.33,6509,4224,73236,1723,-562,69040
54626,10243,2384,5212,2384,3989,3964,3255,0,4.30,1.97,5.33,7596,6373,7219,2828,1605,-709
421034,1094418,10826,309971,2382,303249,3257,1513992,0,101.09,3.53,0.38,320797,305631,1517249,299145,300867,1510735
50656,47073,4816,4157,2380,3700,3884,17632,0,9.77,11.32,1.08,8973,6080,21516,-659,1320,13748
866097,14213,2375,6334,2375,2010,807,1621,1,5.98,2.24,60.94,8709,4385,2428,3959,-365,814
91439,13103,2355,4232,2355,2141,1760,914,0,5.56,3.10,6.98,6587,4496,2674,1877,-214,-846
126598,47378,2354,66890,2354,15699,3679,1963,0,20.13,0.71,2.67,69244,18053,5642,64536,13345,-1716
69503,30160,2350,9226,2350,4783,2769,173777,1,12.83,3.27,2.30,11576,7133,176546,6876,2433,171008
93106,9857,2349,5654,2349,1151,795,502,1,4.20,1.74,9.45,8003,3500,1297,3305,-1198,-293
69347,5308,4307,1265,2346,1350,1108,112308,0,1.23,4.20,13.06,5572,3696,113416,-3042,-996,111200
181776,9027,1736,2346,2340,1016,485,8254,0,5.20,3.85,20.14,4082,3356,8739,610,-1324,7769
5346,32908,2333,17815,2333,11555,993,2365,1,14.11,1.85,0.16,20148,13888,3358,15482,9222,1372
5242,12266,2329,13361,2329,6982,2246,96866,1,5.27,0.92,0.43,15690,9311,99112,11032,4653,94620
833965,802513,37147,247458,2324,212471,3587,1138726,0,21.60,3.24,1.04,284605,214795,1142313,210311,210147,1135139
46611,6587,2319,2106,2319,1358,1853,1059,0,2.84,3.13,7.08,4425,3677,2912,-213,-961,-794
929528,24728,18059,10604,2310,6459,498,114691,0,1.37,2.33,37.59,28663,8769,115189,-7455,4149,114193
144832,19465,2305,22111,2305,4183,2505,1586,1,8.44,0.88,7.44,24416,6488,4091,19806,1878,-919
8562,10728,2295,26985,2295,41153,5783,46128,1,4.67,0.40,0.80,29280,43448,51911,24690,38858,40345
183321,9780,2294,3653,2294,1421,1090,14163,0,4.26,2.68,18.74,5947,3715,15253,1359,-873,13073
112438,75466,2261,2763,2261,7371,7217,5241,1,33.38,27.31,1.49,5024,9632,12458,502,5110,-1976
3527,42021,2259,36741,2259,15361,4687,111000,0,18.60,1.14,0.08,39000,17620,115687,34482,13102,106313
592293,58165,2256,3902,2256,6329,2604,9136,1,25.78,14.91,10.18,6158,8585,11740,1646,4073,6532
120266,45675,2256,10185,2256,8715,5891,538245,1,20.25,4.48,2.63,12441,10971,544136,7929,6459,532354
278616,10512,2252,4666,2252,2424,3873,650033,1,4.67,2.25,26.50,6918,4676,653906,2414,172,646160
23603,66047,2251,2920,2251,1960,1130,244,1,29.34,22.62,0.36,5171,4211,1374,669,-291,-886
4492,8798,2251,1493,2251,4475,1693,1478,1,3.91,5.89,0.51,3744,6726,3171,-758,2224,-215
221336,17295,2247,16548,2247,2642,3176,1549,0,7.70,1.05,12.80,18795,4889,4725,14301,395,-1627
68585,21789,2244,1798,2244,1380,662,473,1,9.71,12.12,3.15,4042,3624,1135,-446,-864,-189
15168,38056,2241,6273,2241,3741,1690,66198,1,16.98,6.07,0.40,8514,5982,67888,4032,1500,64508
22368,20849,2237,6353,2237,3043,3951,146700,1,9.32,3.28,1.07,8590,5280,150651,4116,806,142749
10016,14716,2231,8646,2231,4279,997,1650,1,6.60,1.70,0.68,10877,6510,2647,6415,2048,653
1709733,160526,2228,42171,2228,14862,12697,635192,0,72.05,3.81,10.65,44399,17090,647889,39943,12634,622495
135438,33361,2214,2228,2214,3076,5369,3646,1,15.07,14.97,4.06,4442,5290,9015,14,862,-1723
1056107,33477,2212,5807,2212,6192,3995,146709,1,15.13,5.76,31.55,8019,8404,150704,3595,3980,142714
207104,31613,2209,4948,2209,1610,1337,926,0,14.31,6.39,6.55,7157,3819,2263,2739,-599,-411
55705,6607,2201,9702,2201,1780,607,967,1,3.00,0.68,8.43,11903,3981,1574,7501,-421,360
61925,30511,2194,4415,2194,7587,1937,1649,1,13.91,6.91,2.03,6609,9781,3586,2221,5393,-288
551849,1583987,73352,254695,2190,228425,7515,1476228,0,21.59,6.22,0.35,328047,230615,1483743,181343,226235,1468713
116334,10801,1293,5013,2184,2876,1935,49941,0,8.35,2.15,10.77,6306,5060,51876,3720,692,48006
195247,16484,2170,9387,2170,1262,779,488,1,7.60,1.76,11.84,11557,3432,1267,7217,-908,-291
374229,6579,2170,1022,2170,883,532,2006,1,3.03,6.44,56.88,3192,3053,2538,-1148,-1287,1474
185753,133940,29388,25803,2169,49731,1981,323874,0,4.56,5.19,1.39,55191,51900,325855,-3585,47562,321893
666870,947118,7863,395374,2165,137526,2400,913091,0,120.45,2.40,0.70,403237,139691,915491,387511,135361,910691
1169498,11388,30040,13782,2162,5787,6863,172627,0,0.38,0.83,102.70,43822,7949,179490,-16258,3625,165764
24519,17276,2154,3653,2154,3829,2569,6384,1,8.02,4.73,1.42,5807,5983,8953,1499,1675,3815
479571,462886,2147,23876,2147,40821,15511,61858,0,215.60,19.39,1.04,26023,42968,77369,21729,38674,46347
13600,8195,2145,5197,2145,15811,15261,15899,1,3.82,1.58,1.66,7342,17956,31160,3052,13666,638
30800,8725,2141,5929,2141,3266,2783,1665,0,4.08,1.47,3.53,8070,5407,4448,3788,1125,-1118
34653,2838,2140,1556,2140,1983,1035,451,0,1.33,1.82,12.21,3696,4123,1486,-584,-157,-584
14165,22840,2120,11605,2120,5078,2285,36281,1,10.77,1.97,0.62,13725,7198,38566,9485,2958,33996
676235,85721,2120,18684,2120,3760,6378,56367,0,40.43,4.59,7.89,20804,5880,62745,16564,1640,49989
6230,10742,2115,10677,2115,4859,7111,75527,1,5.08,1.01,0.58,12792,6974,82638,8562,2744,68416
477460,10336,2105,1793,2105,825,181,54658,1,4.91,5.76,46.19,3898,2930,54839,-312,-1280,54477
31239,46402,2094,23425,2094,3289,2144,33006,1,22.16,1.98,0.67,25519,5383,35150,21331,1195,30862
99715,37872,4655,1900,2089,5468,444,71012,0,8.14,19.93,2.63,6555,7557,71456,-2755,3379,70568
358120,43158,2075,27001,2075,3894,2524,2940,0,20.80,1.60,8.30,29076,5969,5464,24926,1819,416
595547,66544,2070,13865,2070,9329,5242,5563,1,32.15,4.80,8.95,15935,11399,10805,11795,7259,321
130866,24490,2057,5355,2057,1296,614,1052,1,11.91,4.57,5.34,7412,3353,1666,3298,-761,438
57846,9023,2049,13535,2049,2027,1093,559,1,4.40,0.67,6.41,15584,4076,1652,11486,-22,-534
10960,17978,2045,44057,2045,9353,5007,1822,0,8.79,0.41,0.61,46102,11398,6829,42012,7308,-3185
200449,12846,2045,1228,2045,1004,700,47188,1,6.28,10.46,15.60,3273,3049,47888,-817,-1041,46488
106529,80691,35630,4611,2043,42661,925,229069,0,2.26,17.50,1.32,40241,44704,229994,-31019,40618,228144
228559,46700,2039,8415,2039,6345,1168,150795,1,22.90,5.55,4.89,10454,8384,151963,6376,4306,149627
38486,17830,2036,8360,2036,9731,2846,315132,0,8.76,2.13,2.16,10396,11767,317978,6324,7695,312286
94020,7978,2033,926,2033,249,99,14887,1,3.92,8.62,11.78,2959,2282,14986,-1107,-1784,14788
55714,4728,2019,5752,2019,10484,3235,659607,1,2.34,0.82,11.78,7771,12503,662842,3733,8465,656372
30515,33872,2015,7810,2015,2729,1093,70364,1,16.81,4.34,0.90,9825,4744,71457,5795,714,69271
4823,18156,2014,5019,2014,9862,5669,99248,0,9.01,3.62,0.27,7033,11876,104917,3005,7848,93579
472956,18057,2011,6758,2011,4171,670,65352,1,8.98,2.67,26.19,8769,6182,66022,4747,2160,64682
61628,5614,1997,469,1997,484,115,15650,1,2.81,11.97,10.98,2466,2481,15765,-1528,-1513,15535
174061,16273,3220,6679,1992,1406,815,53643,0,5.05,2.44,10.70,9899,3398,54458,3459,-586,52828
240259,27650,1977,2625,1977,2029,854,4400,0,13.99,10.53,8.69,4602,4006,5254,648,52,3546
56341,32448,1974,7174,1974,6171,6265,9383,1,16.44,4.52,1.74,9148,8145,15648,5200,4197,3118
115228,21730,1871,5804,1973,2280,2558,96781,0,11.61,3.74,5.30,7675,4253,99339,3933,307,94223
76911,32298,1967,300,1967,512,1302,375,1,16.42,107.66,2.38,2267,2479,1677,-1667,-1455,-927
143869,109265,520,11802,1958,3229,1614,43611,0,210.13,9.26,1.32,12322,5187,45225,11282,1271,41997
94531,7603,1948,4794,1948,8040,3489,2580,1,3.90,1.59,12.43,6742,9988,6069,2846,6092,-909
44584,4817,1937,31421,1937,5085,2538,3043,1,2.49,0.15,9.26,33358,7022,5581,29484,3148,505
9937,13648,1931,12656,1931,5171,2224,45510,1,7.07,1.08,0.73,14587,7102,47734,10725,3240,43286
196898,14859,4555,5603,1911,1691,1162,51617,0,3.26,2.65,13.25,10158,3602,52779,1048,-220,50455
139265,5248,1909,1844,1909,887,359,172,0,2.75,2.85,26.54,3753,2796,531,-65,-1022,-187
159701,15912,1898,1533,1898,748,442,554,0,8.38,10.38,10.04,3431,2646,996,-365,-1150,112
994654,27803,1898,11188,1898,7921,5210,5570,0,14.65,2.49,35.78,13086,9819,10780,9290,6023,360
46412,2975,1890,1444,1890,374,145,16627,1,1.57,2.06,15.60,3334,2264,16772,-446,-1516,16482
67070,32691,1883,16813,1883,4057,10521,1902,1,17.36,1.94,2.05,18696,5940,12423,14930,2174,-8619
216838,14901,1880,6845,1880,1435,2518,1053,0,7.93,2.18,14.55,8725,3315,3571,4965,-445,-1465
51354,5652,1880,28389,1880,4676,1153,1622,1,3.01,0.20,9.09,30269,6556,2775,26509,2796,469
59844,10116,1874,12055,1874,3756,4909,3818,1,5.40,0.84,5.92,13929,5630,8727,10181,1882,-1091
1556976,128636,47439,5700,1873,21785,9570,162197,0,2.71,22.57,12.10,53139,23658,171767,-41739,19912,152627
78237,44525,1864,10509,1864,6467,3341,1419,1,23.89,4.24,1.76,12373,8331,4760,8645,4603,-1922
481592,137351,1864,14943,1864,6305,5200,5018,1,73.69,9.19,3.51,16807,8169,10218,13079,4441,-182
497513,1034544,18675,386473,1863,227349,2364,1176791,0,55.40,2.68,0.48,405148,229212,1179155,367798,225486,1174427
580010,101948,1853,7821,1853,6223,1513,177785,1,55.02,13.04,5.69,9674,8076,179298,5968,4370,176272
332473,29205,6022,5125,1852,1554,3133,32974,0,4.85,5.70,11.38,11147,3406,36107,-897,-298,29841
223692,64902,1850,2335,1850,1245,753,930,1,35.08,27.80,3.45,4185,3095,1683,485,-605,177
79500,225872,6576,59625,1848,45786,857,252450,0,34.35,3.79,0.35,66201,47634,253307,53049,43938,251593
118087,9392,1848,2144,1848,2027,1265,632,0,5.08,4.38,12.57,3992,3875,1897,296,179,-633
103633,47345,1838,2017,1838,1381,1267,163533,1,25.76,23.47,2.19,3855,3219,164800,179,-457,162266
69776,13358,1819,6272,1819,10337,10921,659329,1,7.34,2.13,5.22,8091,12156,670250,4453,8518,648408
374653,4631,1347,1072,1817,869,319,44440,0,3.44,4.32,80.90,2419,2686,44759,-275,-948,44121
133031,20982,1816,463,1816,608,454,433,1,11.55,45.32,6.34,2279,2424,887,-1353,-1208,-21
65108,21398,1816,1356,1816,946,1516,32538,1,11.78,15.78,3.04,3172,2762,34054,-460,-870,31022
31400,217521,3073,134548,1814,60211,1030,347583,0,70.78,1.62,0.14,137621,62025,348613,131475,58397,346553
482866,53684,1806,3428,1806,9834,6479,7359,0,29.73,15.66,8.99,5234,11640,13838,1622,8028,880
150291,144924,4261,55292,1804,75468,1226,361914,0,34.01,2.62,1.04,59553,77272,363140,51031,73664,360688
48873,230254,1808,89698,1796,57988,1159,276087,0,127.35,2.57,0.21,91506,59784,277246,87890,56192,274928
286129,35523,10675,7246,1795,3642,1385,100702,0,3.33,4.90,8.05,17921,5437,102087,-3429,1847,99317
11975,12162,2921,10005,1782,15245,3873,384266,0,4.16,1.22,0.98,12926,17027,388139,7084,13463,380393
494599,407193,7996,163166,1778,223650,2008,1053552,0,50.92,2.50,1.21,171162,225428,1055560,155170,221872,1051544
163287,21297,1774,2696,1774,926,289,487,0,12.01,7.90,7.67,4470,2700,776,922,-848,198
116195,289418,6541,140941,1757,55877,1194,372786,0,44.25,2.05,0.40,147482,57634,373980,134400,54120,371592
580617,1526665,10087,629123,1753,247332,3673,1585607,0,151.35,2.43,0.38,639210,249085,1589280,619036,245579,1581934
102799,7755,1747,25422,1747,5031,2447,1442,1,4.44,0.31,13.26,27169,6778,3889,23675,3284,-1005
75315,16270,3015,2168,1744,8478,255,65397,0,5.40,7.50,4.63,5183,10222,65652,-847,6734,65142
124318,22308,1737,5966,1737,1470,2157,1829,1,12.84,3.74,5.57,7703,3207,3986,4229,-267,-328
118405,25458,1727,9079,1727,3980,5903,27746,1,14.74,2.80,4.65,10806,5707,33649,7352,2253,21843
33402,21934,1720,1220,1720,4798,6319,13386,1,12.75,17.98,1.52,2940,6518,19705,-500,3078,7067
344922,1304380,36476,388776,1711,270100,2335,1615062,0,35.76,3.36,0.26,425252,271811,1617397,352300,268389,1612727
38835,16998,1705,4795,1705,585,1028,531,1,9.97,3.54,2.28,6500,2290,1559,3090,-1120,-497
22698,64148,1700,4251,1700,6083,6275,65051,1,37.73,15.09,0.35,5951,7783,71326,2551,4383,58776
135380,20069,1687,3359,1687,8119,3956,21188,0,11.90,5.97,6.75,5046,9806,25144,1672,6432,17232
11902,3760,1684,50387,1684,6088,2526,1945,1,2.23,0.07,3.17,52071,7772,4471,48703,4404,-581
139068,96753,11575,24780,1684,5384,1369,102133,0,8.36,3.90,1.44,36355,7068,103502,13205,3700,100764
300305,179902,4404,155387,1676,58618,1004,382486,0,40.85,1.16,1.67,159791,60294,383490,150983,56942,381482
97276,44815,1669,3325,1669,2287,603,168760,1,26.85,13.48,2.17,4994,3956,169363,1656,618,168157
553454,16085,716,2825,1657,392,590,29427,0,22.47,5.69,34.41,3541,2049,30017,2109,-1265,28837
190356,30294,42698,6438,1630,33645,702,219331,0,0.71,4.71,6.28,49136,35275,220033,-36260,32015,218629
502336,653335,1624,2720,1624,9077,4032,631601,1,402.30,240.20,0.77,4344,10701,635633,1096,7453,627569
451114,38610,1621,1206,1621,2083,2890,2960,0,23.82,32.01,11.68,2827,3704,5850,-415,462,70
906714,81610,1613,9607,1613,6409,4031,200469,1,50.60,8.49,11.11,11220,8022,204500,7994,4796,196438
213409,15590,1602,12449,1602,2067,2260,357,0,9.73,1.25,13.69,14051,3669,2617,10847,465,-1903
85537,41069,1585,4626,1585,914,432,58276,1,25.91,8.88,2.08,6211,2499,58708,3041,-671,57844
1310574,128264,96852,11200,1576,69123,1017,537149,0,1.32,11.45,10.22,108052,70699,538166,-85652,67547,536132
60294,13506,1567,18347,1567,3802,2149,2455,0,8.62,0.74,4.46,19914,5369,4604,16780,2235,306
4171,40515,1552,1958,1552,3350,2093,82501,1,26.11,20.69,0.10,3510,4902,84594,406,1798,80408
169738,17045,1546,2406,1546,469,1101,51345,1,11.03,7.08,9.96,3952,2015,52446,860,-1077,50244
55864,313020,5662,105637,1543,63117,1924,361715,0,55.28,2.96,0.18,111299,64660,363639,99975,61574,359791
218152,8705,10875,4382,1533,5657,1652,46537,0,0.80,1.99,25.06,15257,7190,48189,-6493,4124,44885
560079,32495,1529,2014,1529,3266,810,620,0,21.25,16.13,17.24,3543,4795,1430,485,1737,-190
150142,12858,1524,16778,1524,2353,1570,890,1,8.44,0.77,11.68,18302,3877,2460,15254,829,-680
75326,16830,1521,6160,1521,7422,3499,4509,1,11.07,2.73,4.48,7681,8943,8008,4639,5901,1010
63014,33673,1517,3400,1517,2056,1430,553,1,22.20,9.90,1.87,4917,3573,1983,1883,539,-877
267468,951671,10400,241427,1506,235124,3544,1146078,0,91.51,3.94,0.28,251827,236630,1149622,231027,233618,1142534
189800,1366269,18043,240494,1505,263113,7927,1311647,0,75.72,5.68,0.14,258537,264618,1319574,222451,261608,1303720
296055,16381,1501,11557,1501,6413,3265,692333,1,10.91,1.42,18.07,13058,7914,695598,10056,4912,689068
647639,167046,1496,27262,1496,14301,1686,206041,1,111.66,6.13,3.88,28758,15797,207727,25766,12805,204355
23729,161751,881,100370,1494,44601,1135,278974,0,183.60,1.61,0.15,101251,46095,280109,99489,43107,277839
111556,12640,6460,616,1488,1147,1599,36307,0,1.96,20.52,8.83,7076,2635,37906,-5844,-341,34708
58443,5083,1476,590,1476,508,96,14212,1,3.44,8.62,11.50,2066,1984,14308,-886,-968,14116
96581,216169,10305,106414,1465,59938,775,362883,0,20.98,2.03,0.45,116719,61403,363658,96109,58473,362108
165992,10877,1462,9794,1462,6955,873,129468,1,7.44,1.11,15.26,11256,8417,130341,8332,5493,128595
90851,26207,1460,16048,1460,5500,2216,534,1,17.95,1.63,3.47,17508,6960,2750,14588,4040,-1682
451243,13838,1450,5646,1450,1085,1079,46393,1,9.54,2.45,32.61,7096,2535,47472,4196,-365,45314
5646,3876,1446,11055,1446,10515,28714,14094,1,2.68,0.35,1.46,12501,11961,42808,9609,9069,-14620
325960,56356,1437,31891,1437,8737,16827,7349,1,39.22,1.77,5.78,33328,10174,24176,30454,7300,-9478
9433,25410,1432,5652,1432,7616,4239,700108,1,17.74,4.50,0.37,7084,9048,704347,4220,6184,695869
105202,5790,1421,1472,1421,376,126,17344,1,4.07,3.93,18.17,2893,1797,17470,51,-1045,17218
458057,9694,3186,6033,1415,976,361,226,0,3.04,1.61,47.25,9219,2391,587,2847,-439,-135
76934,6004,1413,1434,1413,386,199,12695,1,4.25,4.19,12.81,2847,1799,12894,21,-1027,12496
207025,6685,1401,1214,1401,793,524,60508,1,4.77,5.51,30.97,2615,2194,61032,-187,-608,59984
63629,284311,3652,119654,1393,75548,2386,356625,0,77.85,2.38,0.22,123306,76941,359011,116002,74155,354239
61226,159390,2994,95448,1387,39115,714,274421,0,53.24,1.67,0.38,98442,40502,275135,92454,37728,273707
211763,22236,31338,5186,1369,3236,1089,86600,0,0.71,4.29,9.52,36524,4605,87689,-26152,1867,85511
48978,280842,4330,138703,1364,57578,1153,402361,0,64.86,2.02,0.17,143033,58942,403514,134373,56214,401208
34594,291290,1573,140790,1357,69130,1332,391265,0,185.18,2.07,0.12,142363,70487,392597,139217,67773,389933
19208,5464,1356,1092,1356,1552,706,20673,0,4.03,5.00,3.52,2448,2908,21379,-264,196,19967
258353,1358,1348,1143,1348,421,309,137,1,1.01,1.19,190.25,2491,1769,446,-205,-927,-172
7670,16058,1342,7842,1342,7231,3058,1273,1,11.97,2.05,0.48,9184,8573,4331,6500,5889,-1785
33561,212334,4796,106644,1342,49909,818,309352,0,44.27,1.99,0.16,111440,51251,310170,101848,48567,308534
48112,264715,4311,87848,1338,54126,616,310870,0,61.40,3.01,0.18,92159,55464,311486,83537,52788,310254
550985,8313,6105,9725,1338,1616,308,63948,0,1.36,0.85,66.28,15830,2954,64256,3620,278,63640
70153,46679,1336,2875,1336,1927,1233,1723,1,34.94,16.24,1.50,4211,3263,2956,1539,591,490
49774,70406,1331,3733,1331,1433,1253,564,0,52.90,18.86,0.71,5064,2764,1817,2402,102,-689
748423,59433,1331,7870,1331,4087,3165,2889,0,44.65,7.55,12.59,9201,5418,6054,6539,2756,-276
77278,7377,1327,617,1327,629,500,423,0,5.56,11.96,10.48,1944,1956,923,-710,-698,-77
10635,13737,1316,33592,1316,26521,6734,24463,1,10.44,0.41,0.77,34908,27837,31197,32276,25205,17729
102286,22518,1303,8373,1303,1481,1311,627,1,17.28,2.69,4.54,9676,2784,1938,7070,178,-684
258879,47909,1303,7777,1303,6431,4979,162790,1,36.77,6.16,5.40,9080,7734,167769,6474,5128,157811
25765,10595,1285,1669,1285,1117,672,388,1,8.25,6.35,2.43,2954,2402,1060,384,-168,-284
121441,11531,8181,991,1276,2656,922,50756,0,1.41,11.64,10.53,9172,3932,51678,-7190,1380,49834
325752,24329,1275,614,1275,2420,2952,1095,0,19.08,39.62,13.39,1889,3695,4047,-661,1145,-1857
298493,103944,1273,21809,1273,4273,13073,4204,1,81.65,4.77,2.87,23082,5546,17277,20536,3000,-8869
481997,78178,1255,7584,1255,10380,11628,672167,1,62.29,10.31,6.17,8839,11635,683795,6329,9125,660539
242321,14581,1253,1577,1253,2051,651,636,1,11.64,9.25,16.62,2830,3304,1287,324,798,-15
176694,5118,1250,1101,1250,721,448,219,1,4.09,4.65,34.52,2351,1971,667,-149,-529,-229
832781,122448,1250,4994,1250,2950,7140,175632,1,97.96,24.52,6.80,6244,4200,182772,3744,1700,168492
75998,4969,1245,1122,1245,1447,1075,861,1,3.99,4.43,15.29,2367,2692,1936,-123,202,-214
20007,33412,1242,3566,1242,10956,3696,2710,0,26.90,9.37,0.60,4808,12198,6406,2324,9714,-986
121826,349309,10072,169447,1241,53429,443,370618,0,34.68,2.06,0.35,179519,54670,371061,159375,52188,370175
83843,8140,1231,689,1231,458,629,480,1,6.61,11.81,10.30,1920,1689,1109,-542,-773,-149
77277,31849,4988,3306,1224,2096,888,80837,0,6.39,9.63,2.43,8294,3320,81725,-1682,872,79949
46897,3942,1221,3305,1221,691,717,16641,0,3.23,1.19,11.90,4526,1912,17358,2084,-530,15924
82295,7602,1214,1159,1214,813,181,15766,1,6.26,6.56,10.83,2373,2027,15947,-55,-401,15585
96363,29359,1214,8897,1214,3441,2216,147711,1,24.18,3.30,3.28,10111,4655,149927,7683,2227,145495
230071,62256,1200,7816,1200,1023,209,65229,1,51.88,7.97,3.70,9016,2223,65438,6616,-177,65020
521551,16361,1197,7432,1197,1187,1544,216,0,13.67,2.20,31.88,8629,2384,1760,6235,-10,-1328
74897,194868,893,88908,1193,57281,1570,285672,0,218.22,2.19,0.38,89801,58474,287242,88015,56088,284102
213119,36437,34933,2542,1191,61419,1246,296584,0,1.04,14.33,5.85,37475,62610,297830,-32391,60228,295338
64097,36059,1175,10063,1175,2254,1279,2339,0,30.69,3.58,1.78,11238,3429,3618,8888,1079,1060
75277,2996,1161,1856,1161,1710,745,10434,0,2.58,1.61,25.13,3017,2871,11179,695,549,9689
150178,77397,1153,998,1153,1030,1029,34163,1,67.13,77.55,1.94,2151,2183,35192,-155,-123,33134
580852,959257,23289,148730,1152,190524,3166,928015,0,41.19,6.45,0.61,172019,191676,931181,125441,189372,924849
11391,21292,1131,5255,1131,5616,3517,31842,1,18.83,4.05,0.53,6386,6747,35359,4124,4485,28325
61848,9927,1130,351,1130,1237,452,520,0,8.78,28.28,6.23,1481,2367,972,-779,107,68
208040,17187,1127,1823,1127,3414,1353,1278,1,15.25,9.43,12.10,2950,4541,2631,696,2287,-75
12759,28734,1116,26729,1116,8011,6173,100999,0,25.75,1.08,0.44,27845,9127,107172,25613,6895,94826
357354,5882,1110,392,1110,286,1422,53962,1,5.30,15.01,60.75,1502,1396,55384,-718,-824,52540
337302,3789,1106,230,1106,1290,712,213,1,3.43,16.47,89.02,1336,2396,925,-876,184,-499
555861,55461,1099,8898,1099,4561,3523,1381,0,50.46,6.23,10.02,9997,5660,4904,7799,3462,-2142
79597,25768,9347,4634,1086,2833,1018,18701,0,2.76,5.56,3.09,13981,3919,19719,-4713,1747,17683
100662,49396,1083,44647,1083,2710,1559,1609,1,45.61,1.11,2.04,45730,3793,3168,43564,1627,50
393233,40058,1083,3089,1083,557,327,53723,1,36.99,12.97,9.82,4172,1640,54050,2006,-526,53396
5714,6594,1083,9967,1083,5334,3768,55136,1,6.09,0.66,0.87,11050,6417,58904,8884,4251,51368
324354,18644,1060,10702,1060,4776,2263,760,0,17.59,1.74,17.40,11762,5836,3023,9642,3716,-1503
67363,7971,1060,5427,1060,2077,1605,13233,0,7.52,1.47,8.45,6487,3137,14838,4367,1017,11628
64976,156059,2885,95731,1058,43438,589,284684,0,54.09,1.63,0.42,98616,44496,285273,92846,42380,284095
236495,38211,17722,4832,1055,9677,315,110911,0,2.16,7.91,6.19,22554,10732,111226,-12890,8622,110596
494972,280677,1039,94548,1039,25465,17765,624119,1,270.14,2.97,1.76,95587,26504,641884,93509,24426,606354
38008,10805,1031,385,1031,427,297,13047,1,10.48,28.06,3.52,1416,1458,13344,-646,-604,12750
85848,25758,1013,2142,1013,1694,621,707,1,25.43,12.03,3.33,3155,2707,1328,1129,681,86
1950382,22243,1011,23666,1011,21567,3622,132361,0,22.00,0.94,87.69,24677,22578,135983,22655,20556,128739
10057,18513,1007,3884,1007,5957,3129,28685,1,18.38,4.77,0.54,4891,6964,31814,2877,4950,25556
963263,7220,996,2189,996,456,832,701,1,7.25,3.30,133.42,3185,1452,1533,1193,-540,-131
3315,525,985,987,985,51,54,365,0,0.53,0.53,6.31,1972,1036,419,2,-934,311
22658,8061,979,1338,979,514,107,14100,0,8.23,6.02,2.81,2317,1493,14207,359,-465,13993
15153,6609,975,16919,975,2821,1868,1064,1,6.78,0.39,2.29,17894,3796,2932,15944,1846,-804
113327,11747,968,3524,968,5077,2451,2074,0,12.14,3.33,9.65,4492,6045,4525,2556,4109,-377
149245,322741,9061,137029,956,59671,1339,395293,0,35.62,2.36,0.46,146090,60627,396632,127968,58715,393954
311916,681799,24194,331656,949,337544,3586,1525804,0,28.18,2.06,0.46,355850,338493,1529390,307462,336595,1522218
113377,5616,947,861,947,394,67,12744,1,5.93,6.52,20.19,1808,1341,12811,-86,-553,12677
159342,170428,2852,102550,946,50848,560,295258,0,59.76,1.66,0.93,105402,51794,295818,99698,49902,294698
58867,243507,2044,102638,942,45903,981,281235,0,119.13,2.37,0.24,104682,46845,282216,100594,44961,280254
31278,4417,926,1454,926,5667,1263,860,1,4.77,3.04,7.08,2380,6593,2123,528,4741,-403
263560,101221,924,7011,924,2930,2128,17143,0,109.55,14.44,2.60,7935,3854,19271,6087,2006,15015
97316,7592,922,4292,922,4354,2388,32673,0,8.23,1.77,12.82,5214,5276,35061,3370,3432,30285
48383,19180,1523,750,913,437,73,22269,0,12.59,25.57,2.52,2273,1350,22342,-773,-476,22196
220653,2467,911,3556,911,1331,590,1014,0,2.71,0.69,89.44,4467,2242,1604,2645,420,424
42191,317106,7166,133709,897,63876,1699,394157,0,44.25,2.37,0.13,140875,64773,395856,126543,62979,392458
6522,2543,885,587,885,171,65,47,0,2.87,4.33,2.56,1472,1056,112,-298,-714,-18
40829,254864,4036,79364,872,47528,1306,258184,0,63.15,3.21,0.16,83400,48400,259490,75328,46656,256878
22259,5808,870,950,870,453,242,14636,1,6.68,6.11,3.83,1820,1323,14878,80,-417,14394
4807,2352,864,561,864,228,83,47,0,2.72,4.19,2.04,1425,1092,130,-303,-636,-36
89508,163885,3080,69772,834,75601,840,373119,0,53.21,2.35,0.55,72852,76435,373959,66692,74767,372279
15862,61767,831,4401,831,6629,2957,47874,1,74.33,14.03,0.26,5232,7460,50831,3570,5798,44917
132088,75229,827,15049,827,9105,3881,143945,1,90.97,5.00,1.76,15876,9932,147826,14222,8278,140064
78582,86448,6058,103935,816,51440,603,382679,0,14.27,0.83,0.91,109993,52256,383282,97877,50624,382076
31036,200083,2437,80211,815,52206,938,290700,0,82.10,2.49,0.16,82648,53021,291638,77774,51391,289762
116847,52583,812,8573,812,6853,5246,8740,1,64.76,6.13,2.22,9385,7665,13986,7761,6041,3494
77760,3656,803,2236,803,493,174,17206,1,4.55,1.64,21.27,3039,1296,17380,1433,-310,17032
113698,14560,789,6753,789,1922,877,38933,1,18.45,2.16,7.81,7542,2711,39810,5964,1133,38056
63288,19473,2619,1460,787,1379,77,25954,0,7.44,13.34,3.25,4079,2166,26031,-1159,592,25877
418498,12566,5447,880,784,998,722,25911,0,2.31,14.28,33.30,6327,1782,26633,-4567,214,25189
236774,17603,762,2622,762,1129,366,60742,1,23.10,6.71,13.45,3384,1891,61108,1860,367,60376
635404,141425,29339,47151,758,45990,1060,246011,0,4.82,3.00,4.49,76490,46748,247071,17812,45232,244951
160119,196126,1331,67120,742,82091,791,395243,0,147.35,2.92,0.82,68451,82833,396034,65789,81349,394452
29419,11697,733,2002,733,1762,467,11967,0,15.96,5.84,2.52,2735,2495,12434,1269,1029,11500
111991,60275,6920,6787,725,7630,487,86443,0,8.71,8.88,1.86,13707,8355,86930,-133,6905,85956
93096,5649,723,2864,723,765,561,655,1,7.81,1.97,16.48,3587,1488,1216,2141,42,94
171764,33251,721,3442,721,12521,13109,4469,1,46.12,9.66,5.17,4163,13242,17578,2721,11800,-8640
9827,19198,719,7572,719,3800,2366,41782,1,26.70,2.54,0.51,8291,4519,44148,6853,3081,39416
73770,269272,6052,66882,710,73581,1190,372813,0,44.49,4.03,0.27,72934,74291,374003,60830,72871,371623
5082,10092,700,41352,700,8701,4332,2436,1,14.42,0.24,0.50,42052,9401,6768,40652,8001,-1896
576777,868395,11176,358358,691,183186,2525,1078183,0,77.70,2.42,0.66,369534,183877,1080708,347182,182495,1075658
1140776,22081,2272,15939,690,4332,193,89362,0,9.72,1.39,51.66,18211,5022,89555,13667,3642,89169
14553,27477,688,6486,688,9066,5778,24892,1,39.94,4.24,0.53,7174,9754,30670,5798,8378,19114
537678,26433,687,1111,687,1313,995,59074,1,38.48,23.79,20.34,1798,2000,60069,424,626,58079
111557,26927,684,2245,684,1423,816,804,0,39.37,11.99,4.14,2929,2107,1620,1561,739,-12
42486,61121,670,3669,670,3228,2724,44713,1,91.23,16.66,0.70,4339,3898,47437,2999,2558,41989
96139,15905,669,22294,669,3185,2609,4087,1,23.77,0.71,6.04,22963,3854,6696,21625,2516,1478
111292,9351,668,1680,668,852,379,40675,1,14.00,5.57,11.90,2348,1520,41054,1012,184,40296
228376,40148,664,1465,664,2910,331,62093,1,60.46,27.40,5.69,2129,3574,62424,801,2246,61762
64154,83997,664,14076,664,6143,5494,24164,0,126.50,5.97,0.76,14740,6807,29658,13412,5479,18670
17831,14964,649,18826,649,12579,5005,36917,1,23.06,0.79,1.19,19475,13228,41922,18177,11930,31912
38380,63352,628,3974,628,1203,605,672,1,100.88,15.94,0.61,4602,1831,1277,3346,575,67
88548,131735,3215,59254,624,42945,1278,260809,0,40.98,2.22,0.67,62469,43569,262087,56039,42321,259531
63963,2244,519,290,621,194,241,12477,0,4.32,7.74,28.50,809,815,12718,-229,-427,12236
639898,14959,18065,18456,614,1441,1827,55051,0,0.83,0.81,42.78,36521,2055,56878,391,827,53224
38874,6323,1004,946,611,263,245,12748,0,6.30,6.68,6.15,1950,874,12993,-58,-348,12503
35410,10178,604,1806,604,268,382,16184,1,16.85,5.64,3.48,2410,872,16566,1202,-336,15802
554207,37131,598,2486,598,2180,4005,30240,0,62.09,14.94,14.93,3084,2778,34245,1888,1582,26235
49187,25097,592,3470,592,664,558,729,0,42.39,7.23,1.96,4062,1256,1287,2878,72,171
212329,4735,591,3325,591,1877,3109,387,0,8.01,1.42,44.84,3916,2468,3496,2734,1286,-2722
198134,108389,11411,53599,576,44508,409,256582,0,9.50,2.02,1.83,65010,45084,256991,42188,43932,256173
288296,40961,569,6591,569,2395,2652,173102,1,71.99,6.21,7.04,7160,2964,175754,6022,1826,170450
66251,4304,591,4405,568,775,640,20522,0,7.28,0.98,15.39,4996,1343,21162,3814,207,19882
96513,13973,565,1683,565,4257,1324,1417,0,24.73,8.30,6.91,2248,4822,2741,1118,3692,93
169257,28945,557,43251,557,3457,3872,3335,1,51.97,0.67,5.85,43808,4014,7207,42694,2900,-537
96300,177541,11190,74512,551,80626,683,381165,0,15.87,2.38,0.54,85702,81177,381848,63322,80075,380482
1682869,185632,548,10896,548,8110,9648,1969,0,338.74,17.04,9.07,11444,8658,11617,10348,7562,-7679
86896,9084,2727,4092,534,1634,162,25374,0,3.33,2.22,9.57,6819,2168,25536,1365,1100,25212
180574,2968,2703,4012,527,647,528,53618,0,1.10,0.74,60.84,6715,1174,54146,1309,120,53090
2117,12734,524,7963,524,3908,8028,46831,1,24.30,1.60,0.17,8487,4432,54859,7439,3384,38803
108062,17717,515,4190,515,608,1672,753,0,34.40,4.23,6.10,4705,1123,2425,3675,93,-919
26246,145616,3744,40988,480,33434,762,156545,0,38.89,3.55,0.18,44732,33914,157307,37244,32954,155783
32489,5227,459,1409,459,985,917,363,1,11.39,3.71,6.22,1868,1444,1280,950,526,-554
65378,4670,459,1943,459,589,36,16059,1,10.17,2.40,14.00,2402,1048,16095,1484,130,16023
470146,4986,420,2263,420,1362,1104,46174,1,11.87,2.20,94.29,2683,1782,47278,1843,942,45070
83238,20770,409,19505,409,2024,2383,1189,1,50.78,1.06,4.01,19914,2433,3572,19096,1615,-1194
43791,9129,393,1610,393,409,165,11678,1,23.23,5.67,4.80,2003,802,11843,1217,16,11513
9298,81246,558,35331,392,17880,580,97846,0,145.60,2.30,0.11,35889,18272,98426,34773,17488,97266
118591,185521,11802,38049,392,48270,1441,257783,0,15.72,4.88,0.64,49851,48662,259224,26247,47878,256342
14619,5150,386,20112,386,3564,2894,3740,1,13.34,0.26,2.84,20498,3950,6634,19726,3178,846
8292,37932,295,47794,295,5420,7157,2680,0,128.58,0.79,0.22,48089,5715,9837,47499,5125,-4477
282158,19880,230,4028,230,2438,1638,749,0,86.43,4.94,14.19,4258,2668,2387,3798,2208,-889
58800,9641,228,5267,228,1304,668,153188,1,42.29,1.83,6.10,5495,1532,153856,5039,1076,152520
1047488,12967,206,13358,206,4009,2231,4842,0,62.95,0.97,80.78,13564,4215,7073,13152,3803,2611
333310,25402,200,2519,200,1304,903,97386,0,127.01,10.08,13.12,2719,1504,98289,2319,1104,96483
193335,5310,158,151,158,190,96,13777,1,33.61,35.17,36.41,309,348,13873,-7,32,13681
58617,13732,76,1998,76,2563,2411,28077,0,180.68,6.87,4.27,2074,2639,30488,1922,2487,25666
462,138,32,9,2,3,6,60,0,4.31,15.33,3.35,41,5,66,-23,1,54